0.29617
1.2008
1.0902
-0.3587
-0.12993
0.73374
0.12033
1.1363
-0.68677
0.47168
0.28834
1.3919
-1.3455
0.00074741
0.053495
-2.3419
1.2481
2.8092
-0.23218
0.28703
-0.4646
0.38432
-0.37983
-0.10178
1.6182
-0.84723
-0.57588
-0.075913
-0.13247
1.4393
2.0313
-0.9782
-0.64102
0.52048
-0.3807
1.9929
1.6359
0.55902
0.56364
-0.3384
0.76365
1.1274
0.14157
1.9281
0.67064
-0.11011
0.37096
1.0966
-0.39816
-0.085463
2.3733
-0.47392
0.94634
0.81816
1.589
0.52601
-2.4652
-0.85253
0.51174
0.25777
1.9624
1.4063
0.49683
0.082831
-1.5485
1.8632
0.13403
-1.546
0.43328
0.10295
-0.57035
0.49306
-0.70751
-1.348
-1.7543
-0.36381
-0.62709
0.44015
-1.5026
-0.20824
-1.5051
1.8097
-0.11697
1.2262
0.49494
0.90859
-1.1542
1.2576
1.4525
-2.0768
-0.17649
-0.65208
0.15653
-0.85023
0.27905
0.59709
0.24472
-0.11835
-1.2894
0.057564
-0.52093
-1.279
-0.056227
-0.20968
0.1921
0.99233
0.57624
1.3058
-0.72931
-0.86457
-0.094921
1.3832
1.3037
-0.12581
-0.59687
-1.5206
0.67184
0.022844
-1.1778
-0.33458
-1.8295
0.42999
-0.17399
1.6312
-1.3594
0.97051
0.14364
0.082604
0.71666
1.1935
-1.0711
1.3189
-1.21
-1.0741
-0.67256
0.73646
-1.07
0.33472
0.41188
0.15412
0.55457
-1.1728
1.0076
0.11352
0.73005
-0.98351
0.052032
0.8776
1.0141
-0.084348
-1.8535
-1.0968
0.21863
0.79425
0.46312
-0.61263
2.2444
0.072348
0.86551
-0.4157
-1.1149
0.68525
1.0377
1.8222
-0.52899
-1.628
1.6173
0.26414
-1.1271
-0.55918
-0.80885
1.161
0.59211
0.24275
0.24048
-0.8215
0.99311
0.34639
-0.26113
-0.18471
-0.10173
-0.88704
0.74138
1.3922
2.4739
0.50392
-0.82248
0.20098
-1.0071
-0.61317
-0.65896
-0.83323
0.37818
-1.1153
0.66724
0.79533
1.0375
-0.020431
0.61895
1.8031
0.052993
-0.17789
1.7725
-2.5088
-0.45659
2.4304
-0.47145
-0.56033
-1.2265
0.79295
-2.1099
-0.7994
0.56698
-0.0014429
0.62392
0.12644
0.68087
-1.2874
0.21808
-1.5666
0.78328
-0.31057
0.65532
-0.53747
0.32864
1.0541
-1.9797
-1.8674
-1.8324
0.84859
0.40519
-0.70246
1.499
0.13779
-1.5868
-1.0191
-1.3852
0.95489
-0.60112
-1.1719
-0.57711
-0.83643
0.85297
0.47733
0.30232
0.41578
0.042975
-0.94885
0.54161
-0.82113
-1.0719
-1.0741
0.86955
0.98105
-1.7588
-0.1481
0.25194
-0.61038
0.76098
0.25443
-0.15283
-0.55741
0.67702
0.8493
0.46931
-0.23978
0.92099
-0.90688
0.14444
1.3964
-0.1897
-0.84384
1.9434
-0.24692
0.44162
-0.80361
0.28761
0.46702
0.0045616
0.32609
1.2046
-1.4041
0.20556
-1.9912
0.028409
1.9305
0.94114
-0.0069245
-0.33824
0.52827
1.0569
0.014741
1.6148
-0.81585
-1.9978
-0.74819
-0.1993
-0.37276
-0.84737
1.3372
-1.6163
-0.49182
-0.9693
-0.47411
-0.66616
0.47837
-1.0411
-0.82066
0.10113
1.084
-1.8545
1.7998
-0.87837
0.64773
1.0496
1.3231
-0.51736
0.024315
-0.16237
-0.60566
0.27171
0.35864
-0.35232
0.13236
2.6736
-0.0075661
0.7103
-0.46254
-0.52788
-0.34579
0.56456
-0.80154
-1.8529
0.053216
-0.43642
0.28001
0.084606
0.72912
0.90075
-1.3256
-1.5246
0.50243
0.30639
-0.93916
1.2374
0.033012
0.12357
0.27394
0.75417
1.5245
-0.26198
-1.7307
1.0135
-0.92774
1.2437
-0.58949
1.4915
-0.80598
-1.1126
0.95694
-1.3631
0.68058
0.43782
-0.14327
-0.34153
2.0578
-0.37454
-0.1902
-0.93873
-0.81346
-0.58362
1.7095
-0.39042
-0.69007
-0.44822
0.71438
-1.3157
0.62712
-1.3313
-0.13085
-1.8269
0.53592
0.69286
-0.68755
0.31758
0.16284
1.1591
0.12839
1.0395
-0.11677
-0.6483
-0.037981
-0.19932
0.88167
-0.056144
-0.84124
-0.15484
1.1886
-0.41491
-0.65862
0.98399
0.10123
-0.36271
-0.73883
-1.4798
0.15337
-0.31702
0.31892
-1.4565
1.3218
0.4872
-1.5666
1.0571
-0.58758
0.30222
0.21946
-0.8782
-2.8614
0.53556
-0.34204
-0.59786
0.41891
-0.68968
0.67119
0.1509
-0.99132
0.83683
0.47451
1.2522
-0.89262
-0.89527
0.31333
0.66703
0.82812
0.0065093
-0.23589
0.65282
1.9645
0.88458
0.084537
-0.57451
0.49975
-0.4841
0.23845
0.77825
0.92427
0.58814
1.3779
1.8512
-1.8977
-1.7787
-0.92264
-1.9979
-0.3571
-0.3364
0.25043
0.28616
-0.68617
-0.81331
0.7934
-0.38195
-1.3712
0.010307
0.20413
-0.41103
0.66356
0.22578
-0.21284
-0.044035
0.45818
-0.44142
-1.0549
-0.15558
0.12915
0.50943
-0.030124
-0.45736
0.59634
-0.11353
0.80702
-0.089803
-0.0062921
-0.091861
-0.92124
-0.92695
-0.96122
1.7848
-0.20019
0.94041
0.34916
1.8593
0.92707
-1.227
-0.32724
0.89165
0.28819
2.2652
-0.04789
-1.5519
0.44408
-0.91182
0.049435
1.078
0.30818
0.29964
-0.19722
-0.14642
-0.10307
-2.799
0.39328
0.99025
-1.2976
-1.522
0.62101
-1.5075
-1.6794
0.78898
-0.65428
1.2449
-1.2923
-0.61435
0.2417
0.54935
0.46763
0.19146
-0.2298
-0.57922
0.48048
-0.38683
0.42162
1.0877
-2.2493
1.8045
-0.63206
1.3165
1.5516
-1.4689
0.17694
3.4663
-0.21463
0.48628
0.33089
1.2679
1.0905
-0.94645
-0.4385
0.34322
-0.058403
2.535
0.43865
0.43752
-0.83768
-1.3075
0.79414
-0.19726
0.64915
-0.83147
0.89595
-1.8135
1.5667
0.8465
0.11015
-1.1611
-0.39754
0.25429
1.2078
-1.0335
1.2951
2.7681
-0.49535
0.46877
-0.6573
-1.717
1.4705
0.69414
-0.5107
0.11339
-0.22981
-1.4617
-2.8823
-0.047468
-0.46247
-0.57665
-0.84597
-1.8172
-0.52173
0.16144
-1.0618
0.45049
-0.2728
-0.10145
-1.4291
-0.76441
0.41014
-0.78993
0.16164
1.9779
0.79527
1.0374
2.3603
1.1754
0.39774
1.9512
-0.90466
-0.68215
2.0183
0.45434
-0.042104
0.45817
-0.26414
-0.29199
-0.3868
-0.55399
-0.94373
-0.059848
-0.57468
1.4419
0.23553
1.0214
-0.13983
-0.081551
1.2582
1.4685
0.032941
1.6925
0.47573
0.36853
2.192
1.5357
0.90726
0.40226
-0.53838
-0.11522
1.822
-2.0215
-0.63698
-0.1888
0.14828
-1.7839
0.52907
0.72973
-0.94013
-0.25929
-1.2135
1.6245
0.37351
-0.25089
-0.92546
0.09866
1.6843
0.27526
0.35329
-1.2004
0.16613
0.77616
-1.3814
1.1283
2.4654
-1.5579
-2.0666
-0.072599
0.75911
-0.081664
-0.15847
0.006498
-1.0646
-1.6439
1.5815
0.29261
-1.1876
1.0759
-1.2974
-0.12177
0.74077
-0.84072
-0.34947
0.029632
1.9524
0.45902
-0.39931
-0.22538
-0.28028
1.3067
-0.28438
-0.79171
0.24062
-0.094646
0.79323
0.95944
1.0871
0.64717
0.63255
1.9033
-1.16
-0.34731
-1.6951
0.91939
0.021531
-0.29934
-1.721
0.18343
-0.25973
-1.3548
-1.1574
-0.76199
-0.2503
-1.6488
-0.18199
0.61569
-0.37667
-0.69804
0.30412
1.1011
-0.44661
-0.46671
-1.4358
-0.97772
0.60589
-0.11365
0.76456
0.6699
0.37578
0.76665
1.5235
0.57682
0.42597
-0.042931
-1.2423
-0.50495
0.32585
-1.1114
0.46818
0.32261
0.10002
0.30143
0.023824
-0.022055
-0.0087579
0.92946
-0.090432
-2.6411
-0.48615
0.19597
0.95972
1.3803
-0.94146
0.76087
0.23792
-0.20837
0.024739
-0.028091
0.14036
0.23759
-0.67155
-1.045
0.96577
-0.21976
1.4145
-0.92419
-0.59414
1.4213
1.4076
-1.029
0.20651
1.3411
1.3327
-1.2849
1.6184
0.66164
0.22735
-0.22558
-0.96599
0.095018
-0.25673
2.3101
0.19006
-0.1734
-0.014029
-0.61274
2.0718
0.63702
0.074894
1.1233
-0.033128
-0.097748
-0.55662
-0.6155
1.6046
0.7685
0.086933
1.7044
0.023634
0.29004
-1.4199
0.47527
-1.4473
-0.98828
0.94938
0.35122
-0.87228
-0.39813
0.25644
0.22003
-1.7114
-1.2058
-1.7729
-0.072492
-1.7211
0.70188
-1.0055
-1.1064
1.7906
2.1624
-0.81928
-0.03705
1.963
-0.54027
1.7175
0.81981
0.055521
-0.35313
1.6931
0.71105
-0.63276
0.39273
-0.87796
0.14895
1.5319
0.53185
-0.75967
0.34798
-0.6978
2.0193
-1.7937
-0.65951
0.77145
-0.82034
0.017888
0.65454
1.2577
-0.92708
-0.16988
-0.47167
-0.11423
0.36949
-0.61862
0.80012
0.4267
-0.47233
0.27595
0.98423
0.99311
0.66821
-0.064998
-0.6201
0.2241
-0.46614
-0.33209
0.92481
1.447
0.59583
2.0533
-1.5293
0.022688
0.095285
1.6145
0.50127
-0.32384
0.55422
0.64244
0.18263
-2.0275
1.0231
-3.4915
0.10949
-1.5513
-0.35511
1.3986
-0.51347
1.9172
0.77841
-0.24646
-0.90353
-0.4959
0.37449
-2.3705
0.61506
0.27946
0.81887
2.0475
-0.32374
-0.98054
1.1796
0.89458
-0.14293
-0.59347
0.24892
-1.1298
0.066095
-0.63792
-0.81931
0.96795
0.030349
1.3511
-1.0864
0.24027
-1.0462
0.61872
1.305
1.0235
-2.1154
0.68173
0.0087093
0.33427
-0.54741
-1.651
0.89279
-0.50706
-0.32979
0.16835
2.5367
2.2936
-1.3187
-0.47413
0.98738
-2.073
1.244
-0.31524
1.3993
-0.87988
-0.92247
2.3144
0.58801
-0.30977
-1.033
1.1034
0.34211
-2.264
-0.90329
2.97
-0.011766
-1.9995
-0.88802
-0.4199
0.69458
-0.16275
0.10158
-0.017858
-0.96033
1.1728
-0.36527
-0.46341
0.19499
-0.066947
-0.52153
0.1271
2.113
0.54128
-0.65509
-0.86953
-0.2389
-1.576
1.8258
0.20427
-1.1634
0.12061
-1.4435
0.58235
-0.18147
0.04201
0.36184
0.85371
-0.80977
-1.4671
-0.1039
-0.82291
0.42498
-1.8547
0.85858
0.30639
-1.1116
-0.31724
0.83786
2.4265
-0.35109
1.382
-0.86066
0.20689
-0.2075
0.34026
-0.49811
-1.4214
-0.27077
0.43966
-0.50614
-0.18435
0.402
0.53923
-0.73359
-0.26837
