-0.027573
0.72651
0.10917
1.1621
0.080296
-0.63668
-0.32151
-0.5176
-1.0948
-0.69347
-0.32845
0.061518
0.11116
0.78966
0.66186
1.7442
0.4385
-0.16416
-0.38824
-0.89115
-1.519
-1.6385
-0.010783
-0.50301
-0.52821
0.95372
0.32456
1.7577
0.78908
0.26596
0.86662
-0.56676
-0.70731
-0.59782
-0.83044
-1.0705
-1.3956
-0.24118
0.94679
1.4512
1.1196
1.3002
0.63305
0.71728
0.26239
-1.1379
-0.988
-0.60494
0.050305
-0.058526
0.10164
0.74761
0.31287
0.69028
0.26947
0.36206
-0.34582
-0.090802
-0.84282
-1.5548
-0.5735
-0.90164
0.18763
1.7741
0.66505
1.1007
1.444
0.021537
0.68465
-0.6286
-0.39267
-1.2587
-0.066362
-0.04694
-0.54086
1.211
0.57825
1.3671
1.0626
0.74268
1.3496
-0.92793
-1.3713
-0.51058
-2.0779
-0.42095
0.18969
-0.7255
0.47862
0.55152
1.4649
0.58515
0.98609
-0.25858
0.17139
-0.58185
-1.5741
-1.5293
-0.66456
-1.2514
0.69025
1.4085
1.2747
0.41289
0.90795
1.5148
0.53605
-0.28589
-0.45092
-0.32805
-0.77072
-0.57481
-0.18354
0.51693
0.69805
0.61081
0.46364
0.94067
-0.093441
-0.7754
-1.4098
-1.6529
-0.62828
-0.92121
-0.01627
0.77506
0.48612
1.2828
2.4432
0.65915
0.67976
-0.17929
0.055917
-1.0556
-1.2076
-0.56644
-0.58787
-0.4571
-0.70788
0.069956
0.71245
1.3452
1.0359
0.52692
0.27294
-0.77646
-0.75609
-1.0161
-0.55761
-0.48053
0.61799
-0.21474
2.073
0.86439
0.24626
-0.058536
0.019172
0.20679
-1.2909
-0.78438
-1.338
-0.15255
-0.45625
-0.085529
1.8184
1.1081
1.6236
1.2119
0.42255
0.50062
-0.6835
-0.65043
-1.7713
-1.4328
-0.065447
-0.14165
0.3051
1.0522
-0.31515
0.71385
0.029802
0.34215
-0.36844
-1.5455
-1.0341
-1.0612
-0.41784
-0.5581
-0.42519
0.64547
1.2003
1.164
1.107
-0.088766
-0.53636
-0.90795
-0.58735
-0.85739
-0.68231
0.0023863
0.30787
0.36494
0.90514
2.1089
1.6426
0.39872
-0.76061
-0.51783
-0.66909
-1.9694
-0.31581
-0.017478
-0.31483
-0.011304
1.009
1.2924
0.92934
0.53858
0.56892
0.8865
-1.2453
-0.0055344
-1.9178
-1.3085
-0.2752
0.45757
-0.039872
0.69308
0.57781
0.17483
1.244
-0.0040212
-0.24283
0.36681
-0.78153
-0.99505
-0.41093
-0.25124
-0.48401
0.94775
0.90407
0.95432
1.2342
0.59647
-0.25187
-1.0636
-0.50372
-0.60196
-0.81666
-0.57017
-0.20785
0.27084
0.63714
1.6894
1.5453
0.53461
0.67044
-0.48336
-0.99856
-0.99124
-0.8887
-1.0943
-1.1518
0.45326
0.30227
0.88044
1.2922
0.92762
0.56643
0.26711
-0.12564
-1.0787
-0.81134
-0.63915
-0.49055
-0.9894
0.84036
0.17593
1.9277
0.64953
0.65562
0.90784
-0.80705
-0.35591
-0.53586
-0.72938
-1.2121
-0.26344
-0.50303
0.61715
0.55834
1.0911
0.50685
0.81561
-0.091741
-0.76427
-1.8513
-0.73937
-0.093369
-0.99256
0.42731
0.1098
0.24081
0.97464
0.78707
1.1536
-0.0054744
0.0027806
-0.38896
-0.80969
-0.85669
-1.0936
-1.2872
0.089489
-0.064718
1.3526
0.8347
1.3709
1.5224
0.049748
-0.57607
-0.14655
-0.79921
-0.95981
-0.68857
-0.72442
0.66167
0.36499
1.4625
0.75472
1.5718
0.63186
-1.5469
-0.56685
-0.2091
-1.1566
-1.2364
-0.37758
0.58651
0.71761
0.81055
1.2342
1.2193
0.61859
0.48245
-0.21728
-0.30292
-0.62592
-1.7038
-1.0746
-1.0314
0.11879
-0.59855
0.81857
1.5291
1.0957
1.2461
0.063416
-0.68506
-1.7185
0.32777
-0.79106
-0.12083
0.056833
0.090005
0.54886
-0.30209
0.47344
0.54181
0.016018
0.21827
-0.37372
-1.1642
-1.5895
-0.44817
-0.51572
0.17152
0.65634
0.78412
1.3559
1.0214
0.61824
-0.39565
-0.33501
-0.30127
-1.1828
-0.75712
-0.3849
1.3901
-0.13977
0.55834
0.72457
0.22222
0.88765
0.57078
-0.26081
-0.57022
-0.93299
-1.1511
-1.3001
-0.89247
-0.52041
0.77365
0.79348
1.1552
0.58278
-0.43626
0.22701
0.020905
-0.14311
-1.8734
-0.8262
-0.66879
-0.31523
0.098964
1.5814
0.33576
1.0972
1.0551
-0.52064
0.20611
0.23797
-0.992
-1.144
-1.6318
-0.43624
0.39033
-0.26551
0.089707
0.68004
1.0031
1.2564
0.54766
-0.26921
-1.0887
-0.91207
-0.7179
-1.1513
-0.28497
0.22346
1.2184
1.664
0.068226
1.4162
0.20057
-0.60314
-0.73538
-1.0503
-0.83613
-1.038
-1.3162
-0.36758
-0.65304
1.5122
0.64313
1.3203
1.0758
0.0027558
-0.92663
-1.3818
-0.51478
-1.0555
-0.29785
-0.69383
-1.4415
-0.043826
1.2511
1.1027
1.8352
0.75385
-0.77739
0.86991
-0.23461
-1.7119
-0.84191
-0.71193
-0.63697
-0.67013
0.20006
1.0827
0.70794
0.35639
0.41641
1.2057
-0.43965
-0.50534
-1.2703
-1.6432
-1.0813
0.22693
0.46424
0.79319
1.4239
1.9674
1.1148
0.017352
-0.15847
-0.2566
-0.93206
-0.23382
-0.11817
-0.022012
-0.60646
0.024977
0.41729
1.5186
0.81136
1.4026
-0.091179
-0.51166
-0.96986
-0.35725
-0.36905
-0.48006
-0.3605
0.19194
0.59518
1.3242
1.4566
1.5058
0.76865
-0.78425
-0.17701
-0.88507
-1.339
-0.87987
-0.45585
0.107
0.64062
0.82626
0.77705
1.4763
1.2337
0.30792
-0.41317
-0.11075
-1.1788
-1.0741
-0.59805
0.32201
0.26651
1.0078
0.9194
1.0799
-0.25886
1.0116
0.32283
-1.16
-2.1626
-0.16547
-0.78974
0.022849
0.3363
0.72083
1.4491
1.2375
0.039512
0.90592
-0.068599
-0.29085
-0.67245
-0.81354
-1.2257
-0.96247
-0.77804
0.80237
0.73346
1.1777
1.5002
0.19586
-0.19189
-0.20295
-0.23171
-1.3324
-1.3748
-0.58842
-0.34538
0.25204
0.80225
1.3491
0.1269
0.99235
0.80365
-0.68337
-0.27922
-0.20548
-1.732
-0.94498
-1.0121
0.048695
-0.37201
0.071493
1.5758
1.234
1.4992
0.86968
0.25903
-0.46152
-1.5277
-1.0032
-0.78485
-0.30545
-0.54896
0.44161
1.6468
0.71092
0.99703
0.75901
-0.22642
-0.08134
-0.58711
-2.1423
0.1268
-0.080601
0.23815
0.55238
0.41308
0.30223
0.76369
1.1022
1.4502
-0.48335
0.46996
-1.3579
-0.59426
-0.95284
-1.5885
1.0912
-0.2691
0.39143
0.74819
0.77608
0.82439
0.46098
0.84821
0.067326
-0.45012
-1.3205
-0.27187
-0.52759
-0.086841
0.80205
0.27348
-0.20263
0.67708
0.12972
0.51062
-0.53534
-0.073346
-1.2504
-0.62787
-0.41842
-0.027659
-0.21371
0.72934
0.8931
0.69077
0.60995
0.11739
-0.28753
-1.0222
-1.5156
-1.3208
-0.99078
0.013063
-0.30285
1.2504
0.15599
1.9469
1.0019
-0.47779
0.50329
-1.4552
-0.58041
0.14999
-1.0445
-0.46825
0.04861
0.019019
1.0606
0.74747
1.4298
0.30476
0.45537
-0.21162
-0.92577
-0.83119
-1.7368
-1.6996
-1.2706
-0.47681
0.83343
0.82343
1.6133
1.4315
0.41641
-0.46531
-0.26559
-0.87947
-0.34687
-1.3443
0.032993
-0.22363
0.37335
0.24098
0.40139
0.90948
0.8521
-0.25105
0.055193
-0.86378
-0.63081
-0.50937
-1.8547
-0.96126
-0.27662
-0.77497
-0.54025
0.13077
1.4066
1.5148
-0.039559
-0.44093
-0.56814
-0.53078
-0.54943
0.45451
-0.1757
-0.50881
1.7034
0.38078
0.6475
1.329
0.62432
0.10041
-0.41724
-1.4736
-1.6333
-1.7731
-0.27233
-0.65432
-0.57939
0.95008
0.83442
0.32404
0.8961
0.56228
0.10179
-0.91059
-1.0899
-1.2129
-0.7544
-0.21636
0.83026
0.17964
0.5319
0.9098
1.4862
0.3921
0.5965
-0.7269
-1.1906
-0.072808
-0.52619
-0.41531
-0.26756
-0.076108
1.2513
1.5067
0.10707
0.21719
0.21986
0.65806
-0.3559
-0.23006
-1.2885
-0.63258
-0.83982
-0.99503
0.5821
0.82856
0.61093
0.65675
0.25379
0.458
-0.8168
-0.42206
-1.1096
-1.0917
-1.1835
-0.75253
-0.17782
0.15274
0.56332
0.67506
0.071889
-0.40891
-1.5822
-0.22207
-1.3383
-0.88809
-1.0989
-0.16525
0.066159
1.1071
0.88736
1.2506
0.76438
0.23552
-0.59977
-0.91803
0.21012
-1.5931
-0.73061
-0.75356
-0.051185
-0.019069
0.42195
1.203
0.84139
0.98757
1.23
0.35816
-0.73357
-0.95231
-0.28458
-1.8207
-0.47758
0.5843
0.31053
0.82352
1.4492
2.1254
1.2167
0.042877
-0.16456
-0.96253
-0.91462
-2.2148
-1.3299
-0.17603
0.2656
-0.16287
1.1116
1.0994
1.4204
0.67694
-0.35654
-0.82392
-1.3926
-0.86349
-0.52822
-0.89915
-0.41559
-0.033329
-0.42343
0.31531
0.77695
0.94563
-0.034281
-0.70875
-1.1192
-0.49368
-0.86084
-0.79052
-0.12375
0.38895
0.13132
-0.042129
0.26497
1.3755
0.86527
-0.51642
-0.52059
-0.76223
-0.90936
-1
-1.1487
0.23438
-0.073833
0.15176
-0.057161
0.35653
2.2001
0.14941
0.70634
-0.77057
-0.34909
-1.2965
-1.2495
-0.39243
-0.026179
0.73093
0.52719
1.2636
0.59837
1.0923
0.5769
-0.10118
-1.2119
-1.7747
-1.2837
-0.71456
-1.148
0.36707
1.3797
0.6608
0.92663
0.34326
0.47708
-0.41002
0.06485
-0.43931
-0.87831
-1.0628
0.19234
-1.2507
0.49777
1.072
0.99329
1.6285
0.33565
0.33936
0.49766
-1.0811
-0.29678
-1.8769
-0.93115
0.274
0.31959
0.51521
0.99345
0.54642
0.14166
-0.48097
0.39972
-1.3525
-0.58783
-1.8914
-0.69414
-0.53591
-0.1537
0.067454
1.3179
1.3744
0.364
0.51054
0.57897
-0.3088
-0.043307
-1.5295
-0.73656
-0.49095
-0.32607
0.10154
-0.21841
1.6613
0.9257
0.28519
0.12117
-0.55991
-0.79744
-0.43661
-1.1378
-0.86969
-0.3169
-0.63415
0.57215
0.54728
0.78189
1.1574
0.72462
0.14265
0.79699
-0.50113
-0.8581
-1.2019
-1.6205
0.070719
-0.56967
0.45681
0.81871
1.5613
0.81597
0.25772
-0.054733
-0.19809
-0.79143
-1.6909
-0.46326
-1.0049
0.89795
0.12054
0.46059
0.94656
1.109
1.1223
1.8044
-0.95826
-0.9739
