0.19867
0.38942
0.56464
0.71736
0.84147
0.93204
0.98545
0.99957
0.97385
0.9093
0.8085
0.67546
0.5155
0.33499
0.14112
-0.058374
-0.25554
-0.44252
-0.61186
-0.7568
-0.87158
-0.9516
-0.99369
-0.99616
-0.95892
-0.88345
-0.77276
-0.63127
-0.4646
-0.27942
-0.083089
0.11655
0.31154
0.49411
0.65699
0.79367
0.89871
0.96792
0.99854
0.98936
0.94073
0.8546
0.7344
0.58492
0.41212
0.22289
0.024775
-0.17433
-0.36648
-0.54402
-0.69987
-0.82783
-0.92278
-0.98094
-0.99999
-0.97918
-0.91933
-0.82283
-0.69353
-0.53657
-0.35823
-0.1656
0.033623
0.23151
0.42017
0.59207
0.74038
0.85916
0.9437
0.99061
0.99803
0.96566
0.89479
0.78825
0.65029
0.4864
0.30312
0.10775
-0.091907
-0.2879
-0.47242
-0.63811
-0.77835
-0.88757
-0.9614
-0.9969
-0.99266
-0.94884
-0.8672
-0.75099
-0.60483
-0.43457
-0.24697
-0.049536
0.14988
0.34331
0.52307
0.68196
0.81367
0.91295
0.97582
0.99979
0.98391
0.9288
0.83666
0.71116
0.55732
0.38125
0.18999
-0.0088513
-0.20734
-0.39756
-0.57193
-0.72349
-0.84622
-0.93521
-0.98692
-0.99928
-0.9718
-0.90558
-0.80326
-0.66891
-0.5079
-0.32664
-0.13235
0.067208
0.26409
0.45044
0.61884
0.76256
0.87588
0.95429
0.99464
0.99535
0.95638
0.87927
0.76712
0.62438
0.45675
0.27091
0.074265
-0.12534
-0.31994
-0.50179
-0.66363
-0.79902
-0.90255
-0.97011
-0.99898
-0.98803
-0.93769
-0.84997
-0.72836
-0.57772
-0.40404
-0.21425
-0.015926
0.18304
0.3747
0.55143
0.70617
0.83276
0.92615
0.98262
0.99991
0.97734
0.91581
0.81777
0.68712
0.52908
0.34995
0.15687
-0.042468
-0.24011
-0.42818
-0.59918
-0.7463
-0.86366
-0.94659
-0.99178
-0.99743
-0.96332
-0.8908
-0.78277
-0.64354
-0.47865
-0.29467
-0.09895
0.10072
0.29637
0.4802
0.6449
0.78388
0.89161
0.9638
0.99756
0.99155
0.94601
0.86276
0.74511
0.59776
0.42658
0.23839
0.040693
-0.15862
-0.35161
-0.53059
-0.68841
-0.81879
-0.91652
-0.97772
-0.99993
-0.98229
-0.92548
-0.83177
-0.70491
-0.54994
-0.37305
-0.18129
0.017702
0.21599
0.40566
0.57916
0.72958
0.8509
0.93831
0.9883
0.9989
0.96967
0.90179
0.79795
0.6623
0.50025
0.31826
0.12357
-0.076037
-0.27262
-0.45833
-0.62576
-0.76825
-0.88012
-0.95689
-0.99552
-0.99446
-0.95375
-0.87502
-0.76141
-0.61744
-0.44885
-0.26237
-0.065436
0.13411
0.32831
0.50943
0.67023
0.80431
0.90633
0.97222
0.99934
0.98663
0.93458
0.84527
0.72227
0.57047
0.39593
0.2056
0.0070751
-0.19173
-0.38289
-0.55879
-0.71241
-0.83763
-0.92945
-0.98422
-0.99976
-0.97543
-0.91222
-0.81264
-0.68066
-0.52155
-0.34165
-0.14812
0.05131
0.24869
0.43616
0.60625
0.75216
0.86809
0.9494
0.99287
0.99676
0.96091
0.88675
0.77724
0.63674
0.47086
0.2862
0.090138
-0.10952
-0.30481
-0.48795
-0.65164
-0.78934
-0.89558
-0.96612
-0.99814
-0.99036
-0.94311
-0.85825
-0.73918
-0.59064
-0.41855
-0.22978
-0.031848
0.16736
0.35989
0.53807
0.6948
0.82384
0.92003
0.97954
1
0.98059
0.92209
0.82683
0.6986
0.54253
0.36483
0.17258
-0.026551
-0.22462
-0.41374
-0.58636
-0.7356
-0.85552
-0.94133
-0.98962
-0.99845
-0.96747
-0.89793
-0.79259
-0.65565
-0.49257
-0.30985
-0.11478
0.084859
0.28112
0.46617
0.63264
0.77389
0.88429
0.95943
0.99632
0.99349
0.95105
0.8707
0.75564
0.61045
0.44093
0.25382
0.056601
-0.14288
-0.33666
-0.51702
-0.67677
-0.80954
-0.91004
-0.97425
-0.99962
-0.98515
-0.93139
-0.84051
-0.71612
-0.56318
-0.38778
-0.19693
0.0017763
0.20041
0.39105
0.56611
0.71859
0.84243
0.93268
0.98575
0.99952
0.97344
0.90856
0.80745
0.67415
0.51398
0.33331
0.13936
-0.060147
-0.25726
-0.44411
-0.61326
-0.75796
-0.87245
-0.95215
-0.99389
-0.99601
-0.95842
-0.88262
-0.77164
-0.62989
-0.46303
-0.27771
-0.081319
0.11831
0.31323
0.49566
0.65832
0.79475
0.89949
0.96836
0.99864
0.9891
0.94013
0.85368
0.73319
0.58348
0.4105
0.22116
0.023
-0.17608
-0.36813
-0.54551
-0.70114
-0.82882
-0.92346
-0.98128
-0.99998
-0.97882
-0.91863
-0.82182
-0.69224
-0.53507
-0.35657
-0.16385
0.035398
0.23324
0.42178
0.5935
0.74157
0.86007
0.94428
0.99085
0.99791
0.96519
0.894
0.78716
0.64894
0.48485
0.30143
0.10599
-0.093676
-0.2896
-0.47399
-0.63947
-0.77947
-0.88838
-0.96188
-0.99704
-0.99244
-0.94828
-0.86632
-0.74981
-0.60342
-0.43297
-0.24525
-0.047761
0.15163
0.34498
0.52458
0.68326
0.81471
0.91367
0.97621
0.99983
0.98359
0.92814
0.83568
0.70991
0.55584
0.37961
0.18824
-0.010628
-0.20907
-0.39918
-0.57338
-0.72472
-0.84717
-0.93584
-0.9872
-0.99921
-0.97138
-0.90482
-0.8022
-0.66759
-0.50637
-0.32496
-0.13059
0.06898
0.2658
0.45203
0.62023
0.76371
0.87674
0.95481
0.99483
0.99518
0.95586
0.87843
0.76598
0.62299
0.45517
0.2692
0.072494
-0.1271
-0.32162
-0.50333
-0.66496
-0.80009
-0.90332
-0.97054
-0.99906
-0.98776
-0.93707
-0.84903
-0.72714
-0.57626
-0.40241
-0.21252
-0.01415
0.18478
0.37635
0.55291
0.70743
0.83374
0.92682
0.98295
0.99989
0.97696
0.91509
0.81674
0.68583
0.52757
0.34829
0.15511
-0.044243
-0.24184
-0.42979
-0.6006
-0.74748
-0.86455
-0.94716
-0.992
-0.9973
-0.96284
-0.89
-0.78167
-0.64218
-0.47709
-0.29297
-0.097182
0.10248
0.29806
0.48176
0.64625
0.78498
0.89241
0.96427
0.99768
0.99132
0.94544
0.86186
0.74393
0.59634
0.42497
0.23666
0.038918
-0.16038
-0.35328
-0.53209
-0.6897
-0.81981
-0.91723
-0.97809
-0.99995
-0.98195
-0.9248
-0.83079
-0.70365
-0.54846
-0.3714
-0.17954
0.019478
0.21772
0.40728
0.58061
0.73079
0.85184
0.93892
0.98857
0.99882
0.96924
0.90102
0.79688
0.66097
0.49871
0.31657
0.12181
-0.077808
-0.27432
-0.4599
-0.62715
-0.76939
-0.88096
-0.95741
-0.99569
-0.99427
-0.95322
-0.87416
-0.76026
-0.61604
-0.44727
-0.26066
-0.063663
0.13587
0.32999
0.51095
0.67155
0.80537
0.90708
0.97263
0.9994
0.98634
0.93395
0.84432
0.72104
0.56901
0.39429
0.20386
0.0052988
-0.19347
-0.38453
-0.56026
-0.71365
-0.8386
-0.93011
-0.98454
-0.99971
-0.97504
-0.91149
-0.8116
-0.67936
-0.52003
-0.33998
-0.14636
0.053084
0.25041
0.43776
0.60766
0.75333
0.86897
0.94996
0.99308
0.99661
0.96041
0.88592
0.77612
0.63537
0.46929
0.2845
0.088369
-0.11128
-0.3065
-0.4895
-0.65298
-0.79043
-0.89637
-0.96657
-0.99824
-0.99012
-0.94251
-0.85734
-0.73798
-0.58921
-0.41694
-0.22805
-0.030072
0.16911
0.36154
0.53957
0.69608
0.82484
0.92072
0.97989
1
0.98024
0.9214
0.82583
0.69733
0.54104
0.36317
0.17083
-0.028327
-0.22635
-0.41535
-0.5878
-0.7368
-0.85644
-0.94193
-0.98987
-0.99835
-0.96702
-0.89714
-0.7915
-0.6543
-0.49102
-0.30816
-0.11302
0.086629
0.28282
0.46775
0.63402
0.77501
0.88511
0.95993
0.99647
0.99329
0.9505
0.86983
0.75448
0.60904
0.43933
0.2521
0.054827
-0.14464
-0.33833
-0.51854
-0.67808
-0.81058
-0.91077
-0.97465
-0.99967
-0.98484
-0.93075
-0.83955
-0.71488
-0.56171
-0.38614
-0.19519
0.0035526
0.20215
0.39269
0.56757
0.71983
0.84339
0.93332
0.98605
0.99946
0.97303
0.90781
0.8064
0.67284
0.51245
0.33164
0.1376
-0.06192
-0.25897
-0.4457
-0.61466
-0.75912
-0.87331
-0.95269
-0.99408
-0.99585
-0.95791
-0.88178
-0.7705
-0.62851
-0.46145
-0.276
-0.079549
0.12008
0.31492
0.4972
0.65966
0.79582
0.90026
0.96881
0.99873
0.98884
0.93952
0.85275
0.73198
0.58203
0.40888
0.21943
0.021224
-0.17782
-0.36978
-0.547
-0.70241
-0.82981
-0.92414
-0.98162
-0.99997
-0.97845
-0.91792
-0.8208
-0.69096
-0.53357
-0.35491
-0.1621
0.037173
0.23496
0.42339
0.59493
0.74276
0.86097
0.94486
0.99109
0.9978
0.96473
0.8932
0.78606
0.64758
0.48329
0.29973
0.10422
-0.095444
-0.2913
-0.47555
-0.64084
-0.78058
-0.8892
-0.96237
-0.99717
-0.99222
-0.94772
-0.86543
-0.74864
-0.602
-0.43136
-0.24353
-0.045987
0.15339
0.34665
0.52609
0.68456
0.81573
0.91439
0.97659
0.99986
0.98327
0.92747
0.8347
0.70866
0.55436
0.37796
0.1865
-0.012404
-0.21081
-0.40081
-0.57484
-0.72594
-0.84811
-0.93646
-0.98748
-0.99913
-0.97095
-0.90407
-0.80113
-0.66626
-0.50483
-0.32328
-0.12883
0.070752
0.26751
0.45361
0.62162
0.76485
0.87759
0.95534
0.99501
0.995
0.95533
0.87758
0.76483
0.6216
0.45358
0.26748
0.070722
-0.12886
-0.3233
-0.50486
-0.66629
-0.80115
-0.90408
-0.97096
-0.99914
-0.98748
-0.93645
-0.84809
-0.72592
-0.57481
-0.40079
-0.21078
-0.012374
0.18653
0.37799
0.55439
0.70868
0.83472
0.92748
0.98327
0.99986
0.97658
0.91438
0.81572
0.68454
0.52606
0.34662
0.15336
-0.046017
-0.24356
-0.43139
-0.60202
-0.74866
-0.86544
-0.94773
-0.99223
-0.99717
-0.96236
-0.88918
-0.78056
-0.64081
-0.47552
-0.29127
-0.095414
0.10425
0.29976
0.48332
0.64761
0.78608
0.89321
0.96474
0.9978
0.99108
0.94486
0.86096
0.74274
0.59491
0.42336
0.23494
0.037143
-0.16213
-0.35494
-0.5336
-0.69098
-0.82082
-0.91794
-0.97846
-0.99997
-0.98161
-0.92413
-0.8298
-0.70239
-0.54697
-0.36975
-0.17779
0.021254
0.21945
0.40891
0.58206
0.732
0.85276
0.93953
0.98884
0.99873
0.9688
0.90025
0.79581
0.65964
0.49717
0.31489
0.12005
-0.079579
-0.27603
-0.46148
-0.62853
-0.77052
-0.8818
-0.95792
-0.99585
-0.99408
-0.95268
-0.8733
