#average forcast error= 1.620263e+00
#individual forecast errors: 1.620263e+00 
# 9.793329e-01 
7.715841e-01 
6.060511e-01 
4.467980e-01 
2.840315e-01 
5.775159e-02 
-5.328176e-02 
-1.265885e-01 
-5.913419e-01 
-6.156023e-01 
-6.200693e-01 
-9.243296e-01 
-9.345834e-01 
-1.184630e+00 
-1.079431e+00 
-1.151545e+00 
-1.024692e+00 
-1.064739e+00 
-1.035200e+00 
-6.946267e-01 
-6.666137e-01 
-3.177739e-01 
-1.214940e-01 
-1.210806e-01 
2.893327e-01 
5.182196e-01 
7.416532e-01 
1.009427e+00 
9.723674e-01 
1.324068e+00 
1.272589e+00 
1.539456e+00 
1.391283e+00 
1.269391e+00 
1.424398e+00 
1.152092e+00 
1.023586e+00 
7.119792e-01 
6.035528e-01 
2.726464e-01 
-6.528691e-02 
-3.502470e-01 
-5.109939e-01 
-8.748409e-01 
-1.295921e+00 
-1.245269e+00 
-1.482963e+00 
-1.754997e+00 
-1.801991e+00 
-1.759192e+00 
-1.644739e+00 
-1.727187e+00 
-1.630667e+00 
-1.191461e+00 
-1.112542e+00 
-6.715556e-01 
-3.610624e-01 
-1.395583e-02 
1.803843e-01 
8.286511e-01 
9.301449e-01 
1.383292e+00 
1.765326e+00 
1.794594e+00 
2.203655e+00 
2.240362e+00 
2.206863e+00 
2.201711e+00 
2.135525e+00 
1.887066e+00 
1.612614e+00 
1.321754e+00 
1.054282e+00 
3.708152e-01 
-2.711804e-02 
-7.533182e-01 
-1.394399e+00 
-1.708293e+00 
-1.987974e+00 
-2.132615e+00 
-2.279322e+00 
-2.308097e+00 
-2.316458e+00 
-2.473992e+00 
-2.263800e+00 
-2.108234e+00 
-1.958535e+00 
-1.714909e+00 
-1.115497e+00 
-9.830638e-01 
-2.775308e-01 
-8.711747e-02 
7.472226e-01 
1.038716e+00 
1.495790e+00 
1.871751e+00 
2.474739e+00 
2.439300e+00 
2.942001e+00 
2.924003e+00 
3.054351e+00 
3.026145e+00 
2.696080e+00 
2.437955e+00 
2.063422e+00 
1.410210e+00 
6.227369e-01 
-1.941476e+00 
-5.078804e+00 
-5.139993e+00 
-2.360149e+00 
-1.050577e+00 
-9.028973e-01 
-9.017044e-01 
-8.900982e-01 
-6.978719e-01 
-7.513055e-01 
-5.855658e-01 
-5.861061e-01 
-3.664396e-01 
-2.420198e-01 
-1.449132e-01 
1.342601e-01 
2.592203e-01 
4.666604e-01 
5.582340e-01 
6.314610e-01 
9.459280e-01 
9.565951e-01 
8.770556e-01 
1.045449e+00 
1.106943e+00 
1.069264e+00 
7.603441e-01 
8.546044e-01 
7.005181e-01 
6.229184e-01 
2.434586e-01 
9.593867e-02 
3.531865e-02 
-3.965414e-01 
-3.872883e-01 
-8.776219e-01 
-7.778756e-01 
-9.856494e-01 
-1.337350e+00 
-1.305871e+00 
-1.213151e+00 
-1.287952e+00 
-1.243786e+00 
-1.278173e+00 
-1.022767e+00 
-1.011574e+00 
-5.897608e-01 
-4.188544e-01 
-2.642278e-01 
-3.629454e-02 
4.563922e-01 
6.392058e-01 
7.855328e-01 
1.054547e+00 
1.248727e+00 
1.436421e+00 
1.717422e+00 
1.493589e+00 
1.754383e+00 
1.559931e+00 
1.560725e+00 
1.490899e+00 
1.069006e+00 
9.378132e-01 
5.535202e-01 
3.609603e-01 
-1.857329e-01 
-2.737931e-01 
-6.935066e-01 
-1.051694e+00 
-1.516908e+00 
-1.441215e+00 
-1.783249e+00 
-2.011690e+00 
-2.104058e+00 
-1.957459e+00 
-2.196933e+00 
-1.820540e+00 
-1.835468e+00 
-1.339982e+00 
-1.173542e+00 
-9.931763e-01 
-3.486766e-01 
2.946335e-02 
3.454568e-01 
8.378571e-01 
1.320178e+00 
1.582005e+00 
1.878586e+00 
2.350540e+00 
2.271381e+00 
2.759536e+00 
2.446784e+00 
2.666385e+00 
2.429499e+00 
2.196620e+00 
1.807955e+00 
1.680402e+00 
8.695426e-01 
3.013228e-01 
-9.688839e-01 
-2.495338e+00 
-3.432792e+00 
-2.888434e+00 
-1.931262e+00 
-1.933010e+00 
-1.613931e+00 
-1.717411e+00 
-1.842339e+00 
-1.559126e+00 
-1.679300e+00 
-1.221334e+00 
-1.093242e+00 
-9.220487e-01 
-4.269290e-01 
-2.012691e-01 
3.791442e-01 
4.915445e-01 
8.960115e-01 
1.368539e+00 
1.610366e+00 
1.766534e+00 
2.055181e+00 
2.048995e+00 
2.171776e+00 
2.346211e+00 
2.103332e+00 
1.844459e+00 
1.779387e+00 
1.462247e+00 
1.027875e+00 
4.839951e-01 
1.385419e-01 
-6.141449e-01 
-9.923319e-01 
-1.487959e+00 
-2.073300e+00 
-1.940008e+00 
-2.272995e+00 
-2.161976e+00 
-2.357651e+00 
-2.406425e+00 
-2.425200e+00 
-2.173354e+00 
-2.115308e+00 
-1.755196e+00 
-1.326817e+00 
-1.178930e+00 
-5.075308e-01 
-8.187091e-02 
3.926759e-01 
9.569362e-01 
1.282563e+00 
1.784391e+00 
2.235932e+00 
2.575946e+00 
2.801954e+00 
2.971475e+00 
3.003270e+00 
3.044445e+00 
2.925206e+00 
2.612247e+00 
2.111642e+00 
1.769669e+00 
9.998435e-01 
-9.365162e-01 
-4.453177e+00 
-5.951966e+00 
-3.039689e+00 
-1.174583e+00 
-8.295906e-01 
-8.169510e-01 
-6.936914e-01 
-8.175383e-01 
-6.936587e-01 
-7.168857e-01 
-4.803193e-01 
-3.685861e-01 
-2.143729e-01 
-1.168530e-01 
5.273367e-02 
2.658337e-01 
3.432739e-01 
3.621608e-01 
6.312543e-01 
7.557213e-01 
9.224617e-01 
8.323021e-01 
9.398692e-01 
1.019296e+00 
8.999634e-01 
8.777371e-01 
8.246842e-01 
7.101845e-01 
4.129982e-01 
4.594050e-01 
8.663846e-02 
-2.398156e-02 
-2.668750e-01 
-4.347285e-01 
-6.158887e-01 
-7.505624e-01 
-9.977161e-01 
-9.296232e-01 
-1.109670e+00 
-1.323024e+00 
-1.160305e+00 
-1.163659e+00 
-1.146599e+00 
-9.787130e-01 
-8.269001e-01 
-8.115738e-01 
-3.456274e-01 
-2.797608e-01 
-1.124476e-01 
2.683791e-01 
4.170593e-01 
9.186329e-01 
8.803334e-01 
1.180794e+00 
1.267041e+00 
1.344528e+00 
1.573049e+00 
1.455703e+00 
1.585257e+00 
1.456878e+00 
1.305192e+00 
1.149786e+00 
8.206594e-01 
5.542997e-01 
4.121533e-01 
-2.309330e-02 
-2.874334e-01 
-4.971470e-01 
-9.709939e-01 
-1.224348e+00 
-1.432455e+00 
-1.544282e+00 
-1.687763e+00 
-1.993517e+00 
-1.854852e+00 
-1.842466e+00 
-1.809047e+00 
-1.674181e+00 
-1.465801e+00 
-1.182462e+00 
-8.327158e-01 
-4.453228e-01 
-9.966285e-02 
2.032305e-01 
7.123241e-01 
1.091751e+00 
1.358618e+00 
1.750446e+00 
1.939713e+00 
2.232081e+00 
2.319615e+00 
2.407976e+00 
2.437164e+00 
2.265939e+00 
2.140166e+00 
1.940881e+00 
1.466635e+00 
1.041849e+00 
5.177623e-01 
-2.174843e-01 
-9.980245e-01 
-1.944478e+00 
-2.369946e+00 
-2.343267e+00 
-2.224935e+00 
-1.983090e+00 
-2.105250e+00 
-2.179065e+00 
-2.283499e+00 
-2.019173e+00 
-1.798441e+00 
-1.792335e+00 
-1.245403e+00 
-1.176483e+00 
-4.757034e-01 
-3.600435e-01 
2.980964e-01 
5.998767e-01 
1.227650e+00 
1.598031e+00 
1.935439e+00 
2.079046e+00 
2.554721e+00 
2.579282e+00 
2.733223e+00 
2.769231e+00 
2.654826e+00 
2.416907e+00 
2.132994e+00 
1.752262e+00 
1.112849e+00 
4.195897e-01 
-8.883436e-01 
-2.913351e+00 
-3.959692e+00 
-3.046288e+00 
-2.032216e+00 
-1.515823e+00 
-1.357857e+00 
-1.475965e+00 
-1.545932e+00 
-1.396726e+00 
-1.163800e+00 
-1.115501e+00 
-9.657543e-01 
-5.724947e-01 
-4.107615e-01 
-1.255150e-01 
2.457251e-01 
4.946119e-01 
9.484589e-01 
1.091399e+00 
1.316820e+00 
1.576374e+00 
1.660681e+00 
1.696022e+00 
1.981363e+00 
1.781871e+00 
1.767418e+00 
1.501932e+00 
1.400246e+00 
1.235873e+00 
7.675738e-01 
4.491474e-01 
1.139009e-01 
-1.883725e-01 
-6.168460e-01 
-1.214000e+00 
-1.353140e+00 
-1.564554e+00 
-1.969689e+00 
-2.042470e+00 
-2.125871e+00 
-2.360098e+00 
-2.228253e+00 
-2.102687e+00 
-2.003608e+00 
-1.681635e+00 
-1.542223e+00 
-9.792966e-01 
-7.041770e-01 
-3.430638e-01 
3.756961e-01 
6.093365e-01 
1.147524e+00 
1.736458e+00 
1.946965e+00 
2.360986e+00 
2.472654e+00 
2.845562e+00 
2.735083e+00 
2.881091e+00 
2.878959e+00 
2.375587e+00 
2.200641e+00 
1.841149e+00 
1.343390e+00 
2.546767e-01 
-1.686977e+00 
-4.228724e+00 
-4.392140e+00 
-2.557002e+00 
-1.561976e+00 
-1.195250e+00 
-1.120258e+00 
-1.353198e+00 
-1.080479e+00 
-1.091559e+00 
-9.824331e-01 
-6.106202e-01 
-7.207471e-01 
-4.029407e-01 
-1.883141e-01 
4.085917e-02 
4.047859e-01 
4.161529e-01 
7.375198e-01 
1.045294e+00 
1.199061e+00 
1.225515e+00 
1.411969e+00 
1.561729e+00 
1.403970e+00 
1.512284e+00 
1.382251e+00 
1.058912e+00 
1.108339e+00 
7.883861e-01 
4.714064e-01 
3.876065e-01 
-1.480534e-01 
-3.248736e-01 
-7.252071e-01 
-8.936009e-01 
-1.105095e+00 
-1.570515e+00 
-1.595029e+00 
-1.639337e+00 
-1.993851e+00 
-1.844978e+00 
-1.652179e+00 
-1.784627e+00 
-1.619141e+00 
-1.369522e+00 
-9.441154e-01 
-6.894091e-01 
-3.791226e-01 
-4.222269e-02 
2.217041e-01 
9.210043e-01 
1.114565e+00 
1.401639e+00 
1.664086e+00 
2.091287e+00 
2.136548e+00 
2.351809e+00 
2.300583e+00 
2.417291e+00 
2.145446e+00 
1.986986e+00 
1.644394e+00 
1.393948e+00 
8.877152e-01 
3.405288e-01 
-1.382312e-01 
-1.056911e+00 
-1.754399e+00 
-2.105733e+00 
-2.193474e+00 
-2.252042e+00 
-2.150816e+00 
-2.256491e+00 
-2.143405e+00 
-2.407013e+00 
-2.205167e+00 
-1.878155e+00 
-1.863495e+00 
-1.277803e+00 
-1.069297e+00 
-8.260370e-01 
-5.740392e-02 
2.073495e-01 
5.974764e-01 
1.275457e+00 
1.637078e+00 
1.945518e+00 
2.459539e+00 
2.573274e+00 
2.638248e+00 
3.043430e+00 
2.755844e+00 
2.871026e+00 
2.507447e+00 
2.235188e+00 
1.816316e+00 
1.237936e+00 
2.569501e-01 
-1.804703e+00 
-4.518931e+00 
-4.548340e+00 
-2.416302e+00 
-1.488177e+00 
-1.129797e+00 
-1.143358e+00 
-1.016712e+00 
-1.076965e+00 
-1.078046e+00 
-9.487130e-01 
-6.762801e-01 
-5.578537e-01 
-4.067405e-01 
-8.232067e-02 
-3.108065e-02 
4.511927e-01 
4.433863e-01 
7.251666e-01 
1.042527e+00 
1.086088e+00 
1.350061e+00 
1.238995e+00 
1.515036e+00 
1.336243e+00 
1.423111e+00 
1.211218e+00 
1.094365e+00 
9.846189e-01 
8.021859e-01 
5.056196e-01 
1.026464e-01 
-1.880032e-02 
-3.527271e-01 
-5.334740e-01 
-1.017734e+00 
-1.121708e+00 
-1.517335e+00 
-1.610609e+00 
-1.685124e+00 
-1.710464e+00 
-1.795599e+00 
-1.661766e+00 
-1.584420e+00 
-1.454801e+00 
-1.431875e+00 
-9.579153e-01 
-6.136223e-01 
-2.618891e-01 
1.728419e-02 
2.322443e-01 
8.415445e-01 
1.153245e+00 
1.480939e+00 
1.574833e+00 
1.899967e+00 
2.161095e+00 
2.216769e+00 
2.212650e+00 
2.257498e+00 
2.182345e+00 
1.824713e+00 
1.678814e+00 
1.249195e+00 
7.200683e-01 
4.895752e-01 
-2.358780e-01 
-8.664183e-01 
-1.449772e+00 
-1.754700e+00 
-2.115207e+00 
-2.102328e+00 
-2.188209e+00 
-2.414917e+00 
-2.295345e+00 
-2.332259e+00 
-2.418967e+00 
-2.076501e+00 
-1.905975e+00 
-1.451110e+00 
-1.366117e+00 
-7.788506e-01 
-2.489775e-01 
2.120558e-01 
6.225961e-01 
1.101403e+00 
1.629717e+00 
2.088365e+00 
2.335692e+00 
2.567154e+00 
2.922335e+00 
3.083716e+00 
2.957164e+00 
2.906686e+00 
2.693934e+00 
2.385601e+00 
1.949829e+00 
1.424136e+00 
1.268703e-01 
-2.347676e+00 
-5.473271e+00 
-4.772314e+00 
-1.874409e+00 
-1.114504e+00 
-8.980641e-01 
-8.066645e-01 
-7.529916e-01 
-9.278719e-01 
-5.860590e-01 
-6.168059e-01 
-5.879661e-01 
-2.882997e-01 
-3.522264e-01 
2.260678e-02 
3.529350e-02 
3.481869e-01 
4.074871e-01 
7.178207e-01 
6.943544e-01 
9.100614e-01 
9.099018e-01 
9.393289e-01 
1.008963e+00 
1.189630e+00 
9.236037e-01 
8.115841e-01 
8.768778e-01 
5.932048e-01 
6.233317e-01 
3.138720e-01 
9.779871e-02 
-2.828213e-01 
-2.412948e-01 
-4.887350e-01 
-8.811353e-01 
-8.913891e-01 
-1.081436e+00 
-1.064997e+00 
-1.257731e+00 
-1.393978e+00 
-1.352498e+00 
-1.149572e+00 
-1.321893e+00 
-9.373134e-01 
-8.342605e-01 
-6.687275e-01 
-4.994744e-01 
-1.865012e-01 
1.830854e-01 
3.103189e-01 
6.500325e-01 
9.865662e-01 
1.119713e+00 
1.315134e+00 
1.484068e+00 
1.545895e+00 
1.638343e+00 
1.612030e+00 
1.704478e+00 
1.478165e+00 
1.286479e+00 
1.170246e+00 
7.911199e-01 
5.637269e-01 
1.513737e-01 
-1.396597e-01 
-4.366865e-01 
-6.797068e-01 
-1.207481e+00 
-1.345794e+00 
-1.516382e+00 
-1.879863e+00 
-2.000163e+00 
-2.082118e+00 
-1.964899e+00 
-2.084373e+00 
-1.835501e+00 
-1.620635e+00 
-1.450602e+00 
-1.226436e+00 
-7.371030e-01 
-2.872299e-01 
1.215007e-02 
4.977302e-01 
8.132305e-01 
1.304931e+00 
1.656345e+00 
2.174373e+00 
2.232320e+00 
2.450475e+00 
2.492143e+00 
2.693604e+00 
2.428165e+00 
2.406113e+00 
2.122614e+00 
1.832295e+00 
1.365155e+00 
1.017683e+00 
-4.743716e-02 
-1.104877e+00 
-2.584018e+00 
-3.423126e+00 
-2.698354e+00 
-1.947049e+00 
-1.859003e+00 
-1.738271e+00 
-1.654232e+00 
-1.827712e+00 
-1.624086e+00 
-1.665501e+00 
-1.357121e+00 
-9.417151e-01 
-7.672155e-01 
-5.287891e-01 
-9.519586e-02 
3.074909e-01 
5.984444e-01 
9.651848e-01 
1.449159e+00 
1.592639e+00 
1.778394e+00 
2.097248e+00 
2.271889e+00 
2.249217e+00 
2.155098e+00 
2.248085e+00 
1.972106e+00 
1.559514e+00 
1.547621e+00 
8.449016e-01 
5.170952e-01 
1.022619e-01 
-6.712515e-01 
-1.340679e+00 
-1.733539e+00 
-1.893840e+00 
-2.076621e+00 
-2.342296e+00 
-2.142517e+00 
-2.467571e+00 
-2.358412e+00 
-2.305947e+00 
-2.161414e+00 
-1.972955e+00 
-1.649743e+00 
-1.429090e+00 
-8.432705e-01 
-5.248441e-01 
4.040247e-02 
5.674293e-01 
8.652030e-01 
1.588764e+00 
1.776791e+00 
2.297919e+00 
2.588966e+00 
2.794974e+00 
3.094082e+00 
2.948150e+00 
2.947878e+00 
2.836366e+00 
2.501341e+00 
2.098255e+00 
1.635870e+00 
6.631502e-01 
-1.450236e+00 
-4.727437e+00 
-5.361599e+00 
-2.806715e+00 
-1.126650e+00 
-9.506239e-01 
-7.504644e-01 
-1.005758e+00 
-6.860119e-01 
-8.292388e-01 
-5.251525e-01 
-6.344527e-01 
-5.258196e-01 
-1.047065e-01 
-2.947065e-01 
1.713667e-01 
2.471535e-01 
2.943870e-01 
7.024472e-01 
5.487743e-01 
1.031588e+00 
8.441150e-01 
1.002302e+00 
1.013383e+00 
1.104256e+00 
1.006577e+00 
9.264173e-01 
8.241911e-01 
6.894847e-01 
7.116783e-01 
2.340786e-01 
2.763520e-01 
-2.005479e-01 
-1.573681e-01 
-4.631549e-01 
-6.451418e-01 
-9.406422e-01 
-1.151929e+00 
-1.107143e+00 
-1.180910e+00 
-1.415711e+00 
-1.224852e+00 
-1.449445e+00 
-1.138173e+00 
-1.209873e+00 
-8.026071e-01 
-7.864541e-01 
-4.896811e-01 
-3.365012e-01 
3.998537e-02 
3.943255e-01 
5.758991e-01 
8.109861e-01 
1.030620e+00 
1.294387e+00 
1.343114e+00 
1.722255e+00 
1.588629e+00 
1.711490e+00 
1.666211e+00 
1.529278e+00 
1.448832e+00 
1.206113e+00 
7.978132e-01 
6.706268e-01 
5.105470e-01 
-1.030462e-01 
-3.394530e-01 
-7.806132e-01 
-1.020660e+00 
-1.245254e+00 
-1.643982e+00 
-1.800356e+00 
-1.919210e+00 
-1.919717e+00 
-2.159398e+00 
-2.083213e+00 
-1.934547e+00 
-1.701954e+00 
-1.673782e+00 
-1.264369e+00 
-7.258630e-01 
-6.857832e-01 
1.532992e-02 
2.911167e-01 
7.624836e-01 
1.313357e+00 
1.545185e+00 
2.011146e+00 
2.125993e+00 
2.472288e+00 
2.534782e+00 
2.607483e+00 
2.600598e+00 
2.582472e+00 
2.142900e+00 
2.093201e+00 
1.581642e+00 
9.887159e-01 
2.429762e-01 
-7.784705e-01 
-2.410998e+00 
-3.476799e+00 
-3.023474e+00 
-2.029195e+00 
-1.833010e+00 
-1.711864e+00 
-1.687411e+00 
-1.641719e+00 
-1.654373e+00 
-1.466614e+00 
-1.324308e+00 
-1.118488e+00 
-6.379153e-01 
-4.770088e-01 
-1.525889e-01 
1.086511e-01 
5.752646e-01 
8.813850e-01 
1.253499e+00 
1.422846e+00 
1.885087e+00 
1.976214e+00 
1.888375e+00 
2.267850e+00 
2.064351e+00 
2.045685e+00 
2.005779e+00 
1.694220e+00 
1.385427e+00 
9.796079e-01 
5.649016e-01 
1.913084e-01 
-4.501383e-01 
-8.848120e-01 
-1.518166e+00 
-1.704127e+00 
-1.863188e+00 
-2.064728e+00 
-2.289576e+00 
-2.368144e+00 
-2.477332e+00 
-2.387759e+00 
-2.335294e+00 
-2.020762e+00 
-1.998789e+00 
-1.365577e+00 
-1.158517e+00 
-7.167041e-01 
-1.253843e-01 
4.083358e-01 
6.930094e-01 
1.283263e+00 
1.715297e+00 
2.235598e+00 
2.575819e+00 
2.712034e+00 
3.119902e+00 
2.875003e+00 
3.063698e+00 
2.995079e+00 
2.703774e+00 
2.365235e+00 
1.748636e+00 
1.018397e+00 
-5.475496e-01 
-4.076150e+00 
-6.197292e+00 
-3.360388e+00 
-1.282103e+00 
-8.393839e-01 
-7.469510e-01 
-6.322447e-01 
-7.348516e-01 
-6.393186e-01 
-4.615122e-01 
-5.997790e-01 
-3.607326e-01 
-3.265194e-01 
3.852047e-02 
4.120719e-02 
1.138939e-01 
3.880273e-01 
4.177409e-01 
5.178678e-01 
6.898547e-01 
6.951484e-01 
9.402354e-01 
8.700758e-01 
8.380563e-01 
9.350033e-01 
7.336037e-01 
7.876574e-01 
5.825377e-01 
4.228713e-01 
3.496914e-01 
2.448582e-01 
-6.224841e-02 
-2.257618e-01 
-2.725820e-01 
-7.002288e-01 
-6.365558e-01 
-8.912295e-01 
-8.508633e-01 
-1.089257e+00 
-1.042198e+00 
-1.143691e+00 
-1.196839e+00 
-1.000606e+00 
-8.998262e-01 
-8.765665e-01 
-5.824802e-01 
-5.919871e-01 
-2.314940e-01 
7.664597e-02 
2.211927e-01 
4.686329e-01 
5.410332e-01 
8.446735e-01 
1.204307e+00 
1.010968e+00 
1.483082e+00 
1.294496e+00 
1.491363e+00 
1.341744e+00 
1.398404e+00 
1.205685e+00 
1.038419e+00 
6.672258e-01 
6.579727e-01 
4.383063e-01 
2.388641e-02 
-3.392137e-01 
-3.897539e-01 
-8.211208e-01 
-1.161168e+00 
-1.287829e+00 
-1.506556e+00 
-1.569210e+00 
-1.662484e+00 
-1.826998e+00 
-1.884199e+00 
-1.581813e+00 
-1.642400e+00 
-1.323608e+00 
-1.047582e+00 
-7.353554e-01 
-6.463090e-01 
-1.451959e-01 
3.464575e-01 
5.682378e-01 
1.054358e+00 
1.150192e+00 
1.637473e+00 
1.854260e+00 
2.094768e+00 
2.039409e+00 
2.361983e+00 
2.220344e+00 
2.034778e+00 
1.914459e+00 
1.880833e+00 
1.315761e+00 
1.068288e+00 
5.852351e-01 
1.218486e-01 
-5.412515e-01 
-1.187992e+00 
-1.737753e+00 
-1.838260e+00 
-2.210008e+00 
-1.988575e+00 
-2.431563e+00 
-2.342818e+00 
-2.381179e+00 
-2.259333e+00 
-2.263974e+00 
-2.127788e+00 
-1.537883e+00 
-1.434957e+00 
-1.109344e+00 
-4.364975e-01 
-5.939086e-02 
3.155693e-01 
9.381762e-01 
1.423390e+00 
1.798111e+00 
2.309858e+00 
2.461320e+00 
2.864847e+00 
2.915609e+00 
3.146164e+00 
2.920232e+00 
2.878306e+00 
2.444314e+00 
2.380195e+00 
1.693803e+00 
6.823235e-01 
-9.106497e-01 
-4.456690e+00 
-5.655479e+00 
-2.997002e+00 
-1.391070e+00 
-8.006239e-01 
-8.073643e-01 
-8.338980e-01 
-8.206384e-01 
-7.767588e-01 
-5.216391e-01 
-5.709393e-01 
-5.110662e-01 
-2.097464e-01 
-1.020198e-01 
-3.201977e-02 
3.294269e-01 
3.483138e-01 
5.174073e-01 
6.198076e-01 
6.940679e-01 
9.995683e-01 
9.310621e-01 
1.070696e+00 
1.012810e+00 
1.003270e+00 
8.431106e-01 
9.292310e-01 
5.567980e-01 
5.163049e-01 
4.147784e-01 
1.809786e-01 
9.221858e-02 
-3.984014e-01 
-4.591483e-01 
-6.409286e-01 
-7.262223e-01 
-1.032963e+00 
-9.956965e-01 
-1.297190e+00 
-1.364471e+00 
-1.162578e+00 
-1.265932e+00 
-1.200939e+00 
-9.840865e-01 
-1.062274e+00 
-7.517007e-01 
-4.643076e-01 
-2.707144e-01 
1.370122e-01 
1.132123e-01 
4.687925e-01 
7.816061e-01 
1.080620e+00 
1.225420e+00 
1.422701e+00 
1.493495e+00 
1.615116e+00 
1.528596e+00 
1.689597e+00 
1.433285e+00 
1.260979e+00 
1.264539e+00 
9.976863e-01 
5.148400e-01 
5.416601e-01 
-1.111064e-01 
-2.075132e-01 
-6.057800e-01 
-1.052107e+00 
-1.207321e+00 
-1.525222e+00 
-1.679116e+00 
-1.775490e+00 
-2.113104e+00 
-2.016918e+00 
-1.997839e+00 
-1.767520e+00 
-1.751621e+00 
-1.544688e+00 
-1.302796e+00 
-8.853228e-01 
-3.887564e-01 
-2.216498e-01 
3.289702e-01 
6.509572e-01 
1.109351e+00 
1.566838e+00 
1.863212e+00 
2.004960e+00 
2.308774e+00 
2.427962e+00 
2.698596e+00 
2.393778e+00 
2.411519e+00 
2.218640e+00 
1.990801e+00 
1.537382e+00 
1.103836e+00 
4.307826e-01 
-3.265307e-01 
-1.679551e+00 
-2.650265e+00 
-2.850200e+00 
-2.353028e+00 
-2.084282e+00 
-1.768923e+00 
-2.046124e+00 
-1.958285e+00 
-1.807759e+00 
-1.743307e+00 
-1.616788e+00 
-1.446962e+00 
-1.003002e+00 
-7.393293e-01 
-2.598695e-01 
-1.402829e-01 
5.417838e-01 
7.279042e-01 
1.157538e+00 
1.505645e+00 
1.840366e+00 
2.281287e+00 
2.230475e+00 
2.407596e+00 
2.457404e+00 
2.277211e+00 
2.192266e+00 
2.194633e+00 
1.566174e+00 
1.493868e+00 
8.094954e-01 
2.504490e-01 
-3.403777e-01 
-1.413398e+00 
-2.288325e+00 
-2.330613e+00 
-2.312694e+00 
-2.103329e+00 
-2.208590e+00 
-2.005091e+00 
-2.286425e+00 
-2.052720e+00 
-1.943227e+00 
-1.790635e+00 
-1.494115e+00 
-1.280776e+00 
-8.924765e-01 
-5.257034e-01 
-2.107689e-02 
5.440899e-01 
7.308303e-01 
1.361084e+00 
1.703945e+00 
1.923212e+00 
2.246200e+00 
2.574974e+00 
2.619536e+00 
2.803890e+00 
2.550931e+00 
2.721566e+00 
2.194680e+00 
2.015808e+00 
1.432389e+00 
1.046156e+00 
-1.855029e-02 
-1.355577e+00 
-3.250091e+00 
-3.873046e+00 
-2.707368e+00 
-1.675856e+00 
-1.531817e+00 
-1.674058e+00 
-1.408572e+00 
-1.526886e+00 
-1.507060e+00 
-1.236200e+00 
-1.099141e+00 
-8.187746e-01 
-5.622082e-01 
-4.100617e-01 
5.391490e-03 
3.395249e-01 
7.004785e-01 
8.686656e-01 
1.289953e+00 
1.379507e+00 
1.700301e+00 
1.797088e+00 
1.995116e+00 
1.796450e+00 
1.882824e+00 
1.800232e+00 
1.745159e+00 
1.418227e+00 
1.113854e+00 
7.326608e-01 
3.532011e-01 
-4.318877e-03 
-4.592790e-01 
-9.035393e-01 
-1.076686e+00 
-1.662934e+00 
-1.820755e+00 
-1.901055e+00 
-2.252183e+00 
-2.329717e+00 
-2.207872e+00 
-2.472513e+00 
-2.071701e+00 
-2.091588e+00 
-1.721062e+00 
-1.242063e+00 
-9.325236e-01 
-6.961639e-01 
-4.637416e-03 
3.113561e-01 
1.003756e+00 
1.210210e+00 
1.950384e+00 
2.075232e+00 
2.551733e+00 
2.637121e+00 
2.943129e+00 
2.974304e+00 
2.814858e+00 
2.900866e+00 
2.527494e+00 
2.115235e+00 
1.623469e+00 
1.060750e+00 
-5.841631e-01 
-3.493384e+00 
-5.332332e+00 
-3.557655e+00 
-1.683916e+00 
-1.089877e+00 
-9.828175e-01 
-9.930713e-01 
-8.431185e-01 
-9.596522e-01 
-8.882526e-01 
-6.949929e-01 
-3.973932e-01 
-4.133867e-01 
-2.595868e-01 
-9.248023e-02 
3.181398e-01 
3.872333e-01 
5.175669e-01 
8.203805e-01 
8.591876e-01 
9.684080e-01 
1.069488e+00 
1.352222e+00 
1.180330e+00 
1.184304e+00 
1.037864e+00 
1.017911e+00 
9.271316e-01 
8.340786e-01 
4.087523e-01 
3.043324e-01 
1.376392e-01 
-3.425675e-01 
-4.926944e-01 
-5.657147e-01 
-1.049975e+00 
-1.043949e+00 
-1.207303e+00 
-1.473550e+00 
-1.584757e+00 
-1.347618e+00 
-1.604899e+00 
-1.376933e+00 
-1.433593e+00 
-1.030874e+00 
-9.892677e-01 
-7.664214e-01 
-3.586150e-01 
-2.221285e-01 
3.172515e-01 
4.677918e-01 
9.412254e-01 
9.741659e-01 
1.367313e+00 
1.598107e+00 
1.703035e+00 
2.049409e+00 
1.922190e+00 
1.841457e+00 
1.748245e+00 
1.672345e+00 
1.544173e+00 
1.302693e+00 
9.056340e-01 
5.198943e-01 
1.858878e-01 
-2.651456e-01 
-6.954791e-01 
-1.244493e+00 
-1.404460e+00 
-1.597114e+00 
-1.933075e+00 
-2.265236e+00 
-2.203390e+00 
-2.329271e+00 
-2.406806e+00 
-2.204960e+00 
-2.077948e+00 
-1.817422e+00 
-1.420696e+00 
-1.145083e+00 
-7.132705e-01 
-2.121574e-01 
2.494960e-01 
5.806563e-01 
1.208430e+00 
1.718811e+00 
1.969112e+00 
2.283753e+00 
2.793974e+00 
2.723702e+00 
3.020743e+00 
2.972744e+00 
2.722472e+00 
2.565794e+00 
2.444775e+00 
1.800242e+00 
1.371450e+00 
9.315020e-02 
-2.202017e+00 
-5.014511e+00 
-4.524047e+00 
-2.301182e+00 
-1.220370e+00 
-9.262041e-01 
-1.045424e+00 
-8.867116e-01 
-9.342787e-01 
-9.224658e-01 
-7.600328e-01 
-4.638798e-01 
-5.613200e-01 
-2.706202e-01 
-1.637203e-01 
2.454531e-01 
1.730999e-01 
5.490934e-01 
6.327337e-01 
8.878207e-01 
9.778678e-01 
1.269362e+00 
1.046436e+00 
1.198343e+00 
1.212937e+00 
1.307324e+00 
1.063158e+00 
8.634115e-01 
7.791185e-01 
7.327588e-01 
3.851591e-01 
-2.988079e-02 
-3.600876e-03 
-4.667009e-01 
-6.093079e-01 
-8.146016e-01 
-1.003822e+00 
-1.306556e+00 
-1.385076e+00 
-1.444630e+00 
-1.414804e+00 
-1.553738e+00 
-1.504946e+00 
-1.494500e+00 
-1.193227e+00 
-9.251343e-01 
-9.310480e-01 
-4.767550e-01 
-2.827485e-01 
6.539149e-02 
3.507649e-01 
9.119252e-01 
9.744524e-01 
1.167806e+00 
1.504673e+00 
1.867948e+00 
1.698042e+00 
2.003796e+00 
2.005130e+00 
1.785638e+00 
1.830772e+00 
1.576113e+00 
1.345460e+00 
1.049434e+00 
6.867943e-01 
1.563011e-01 
-1.253522e-01 
-5.427924e-01 
-9.087061e-01 
-1.261853e+00 
-1.701821e+00 
-1.760261e+00 
-2.069116e+00 
-2.203550e+00 
-2.319844e+00 
-2.507585e+00 
-2.168220e+00 
-2.150794e+00 
-2.022128e+00 
-1.599949e+00 
-1.248263e+00 
-8.987237e-01 
-3.615373e-01 
2.701595e-02 
4.536294e-01 
1.088923e+00 
1.487030e+00 
1.712785e+00 
2.262465e+00 
2.572687e+00 
2.888281e+00 
2.869249e+00 
2.968564e+00 
2.818705e+00 
2.794506e+00 
2.558654e+00 
1.936809e+00 
1.591116e+00 
6.975701e-01 
-1.164990e+00 
-4.306197e+00 
-5.421679e+00 
-2.838242e+00 
-1.259003e+00 
-1.135871e+00 
-8.196377e-01 
-1.096378e+00 
-8.984919e-01 
-8.160590e-01 
-6.715593e-01 
-6.437529e-01 
-5.251198e-01 
-4.038000e-01 
-2.979350e-02 
5.206654e-02 
1.755800e-01 
4.215734e-01 
6.725270e-01 
7.784407e-01 
9.262144e-01 
1.056675e+00 
1.019409e+00 
1.230903e+00 
1.166323e+00 
1.049884e+00 
1.100551e+00 
1.041838e+00 
7.114717e-01 
6.938720e-01 
4.856522e-01 
2.828857e-01 
-1.242209e-01 
-3.598010e-01 
-3.401346e-01 
-8.298481e-01 
-9.394819e-01 
-1.250976e+00 
-1.278463e+00 
-1.285950e+00 
-1.473024e+00 
-1.533405e+00 
-1.534406e+00 
-1.364786e+00 
-1.211034e+00 
-1.113561e+00 
-7.036078e-01 
-7.047681e-01 
-2.557216e-01 
-1.716834e-02 
1.963451e-01 
5.841986e-01 
9.499056e-01 
1.172846e+00 
1.429920e+00 
1.561747e+00 
1.725642e+00 
1.762222e+00 
1.978803e+00 
1.779104e+00 
1.854445e+00 
1.600612e+00 
1.300786e+00 
1.164140e+00 
8.341873e-01 
3.370009e-01 
4.927431e-02 
-3.544458e-01 
-8.264327e-01 
-1.077927e+00 
-1.574174e+00 
-1.570135e+00 
-1.945269e+00 
-2.317430e+00 
-2.216411e+00 
-2.272292e+00 
-2.278379e+00 
-2.083640e+00 
-2.063941e+00 
-1.623002e+00 
-1.352143e+00 
-1.095083e+00 
-5.022371e-01 
-1.667839e-01 
3.856961e-01 
7.295431e-01 
1.230210e+00 
1.760798e+00 
2.141719e+00 
2.449666e+00 
2.582987e+00 
2.837962e+00 
2.917070e+00 
2.736591e+00 
2.921153e+00 
2.378401e+00 
2.253248e+00 
1.654582e+00 
1.072690e+00 
-1.718099e-01 
-2.372350e+00 
-4.828151e+00 
-4.083554e+00 
-2.071389e+00 
-1.405823e+00 
-1.085584e+00 
-1.018111e+00 
-1.088778e+00 
-1.190479e+00 
-7.738327e-01 
-9.380930e-01 
-5.854534e-01 
-6.451670e-01 
-2.759139e-01 
1.192739e-03 
1.040861e-01 
3.990462e-01 
3.899998e-01 
8.905401e-01 
9.712072e-01 
1.183114e+00 
1.208948e+00 
1.324782e+00 
1.312476e+00 
1.509343e+00 
1.199724e+00 
1.223078e+00 
1.106432e+00 
9.168922e-01 
5.630126e-01 
4.414861e-01 
7.727292e-02 
-1.245871e-01 
-2.905806e-01 
-7.098808e-01 
-9.676545e-01 
-1.190388e+00 
-1.387256e+00 
-1.667636e+00 
-1.643184e+00 
-1.637491e+00 
-1.740972e+00 
-1.675899e+00 
-1.688760e+00 
-1.311208e+00 
-1.045181e+00 
-1.003162e+00 
-5.999022e-01 
-1.179624e-01 
3.410435e-02 
5.192711e-01 
6.743581e-01 
1.262339e+00 
1.422099e+00 
1.834547e+00 
1.894847e+00 
2.055562e+00 
2.158756e+00 
2.223190e+00 
2.028038e+00 
1.927926e+00 
1.844920e+00 
1.509434e+00 
1.186301e+00 
6.359349e-01 
2.537884e-01 
-2.264183e-01 
-9.565451e-01 
-1.191552e+00 
-1.830900e+00 
-1.892854e+00 
-2.145222e+00 
-2.231929e+00 
-2.319464e+00 
-2.467825e+00 
-2.438253e+00 
-2.267027e+00 
-2.141255e+00 
-1.821969e+00 
-1.705243e+00 
-1.155417e+00 
-7.236041e-01 
-2.024909e-01 
1.595758e-01 
7.590827e-01 
1.230783e+00 
1.491784e+00 
2.147538e+00 
2.496106e+00 
2.710874e+00 
2.968948e+00 
2.991156e+00 
3.102538e+00 
2.914952e+00 
2.742200e+00 
2.424695e+00 
1.989543e+00 
1.114470e+00 
-7.940964e-02 
-3.138297e+00 
-6.140218e+00 
-3.982694e+00 
-1.787843e+00 
-8.958705e-01 
-6.146776e-01 
-7.372845e-01 
-6.621649e-01 
-7.551852e-01 
-7.198588e-01 
-5.134991e-01 
-2.725927e-01 
-4.065194e-01 
-4.313291e-02 
-9.209955e-02 
9.790045e-02 
4.018272e-01 
3.119541e-01 
6.100143e-01 
8.040679e-01 
6.318417e-01 
8.256886e-01 
9.032557e-01 
1.012063e+00 
9.327299e-01 
9.013303e-01 
6.888974e-01 
7.317110e-01 
3.951446e-01 
4.713448e-01 
1.289916e-01 
9.940496e-02 
-1.308017e-01 
-4.657618e-01 
-5.375421e-01 
-5.205624e-01 
-9.929627e-01 
-8.348698e-01 
-1.103057e+00 
-1.146411e+00 
-1.220178e+00 
-1.044978e+00 
-1.185646e+00 
-1.038793e+00 
-8.484266e-01 
-7.437203e-01 
-3.965339e-01 
-4.419073e-01 
1.892531e-03 
7.499260e-02 
5.095394e-01 
5.129730e-01 
1.006200e+00 
9.793472e-01 
1.121461e+00 
1.346055e+00 
1.374782e+00 
1.513509e+00 
1.384510e+00 
1.472204e+00 
1.331138e+00 
1.056559e+00 
9.557791e-01 
7.325195e-01 
3.542997e-01 
9.801983e-02 
-9.363354e-02 
-5.692137e-01 
-7.245073e-01 
-1.062694e+00 
-1.357495e+00 
-1.397876e+00 
-1.628463e+00 
-1.893184e+00 
-1.672658e+00 
-1.926759e+00 
-1.635406e+00 
-1.797234e+00 
-1.351748e+00 
-1.246342e+00 
-9.382488e-01 
-5.433358e-01 
-1.099493e-01 
1.225308e-01 
4.997642e-01 
8.446446e-01 
1.266345e+00 
1.626312e+00 
1.843100e+00 
2.053607e+00 
2.237628e+00 
2.134543e+00 
2.428357e+00 
2.167338e+00 
1.979913e+00 
1.927733e+00 
1.653694e+00 
9.832482e-01 
7.383352e-01 
2.880487e-01 
-6.217446e-01 
-1.230345e+00 
-1.701139e+00 
-2.051027e+00 
-2.277321e+00 
-2.157335e+00 
-2.153836e+00 
-2.369304e+00 
-2.228285e+00 
-2.373340e+00 
-2.180461e+00 
-1.832622e+00 
-1.796722e+00 
-1.349376e+00 
-1.012110e+00 
-5.274039e-01 
-2.364032e-03 
3.736294e-01 
7.472697e-01 
1.448350e+00 
1.743484e+00 
2.133992e+00 
2.431733e+00 
2.694641e+00 
2.911889e+00 
3.052443e+00 
2.814652e+00 
2.760659e+00 
2.474394e+00 
2.251102e+00 
1.592229e+00 
1.148890e+00 
-5.741631e-01 
-3.323177e+00 
-5.458612e+00 
-3.506621e+00 
-1.811850e+00 
-9.204971e-01 
-1.079924e+00 
-9.922447e-01 
-9.022918e-01 
-1.030065e+00 
-8.101126e-01 
-6.951996e-01 
-5.875999e-01 
-3.175201e-01 
-3.616535e-01 
1.433863e-01 
6.896647e-02 
4.828932e-01 
4.552935e-01 
7.668671e-01 
1.034641e+00 
1.037581e+00 
1.030109e+00 
1.202016e+00 
1.327023e+00 
1.284097e+00 
1.039724e+00 
9.797712e-01 
9.581649e-01 
8.057320e-01 
4.497856e-01 
3.661925e-01 
7.392214e-04 
-2.423608e-01 
-3.004210e-01 
-8.595146e-01 
-7.899750e-01 
-1.248575e+00 
-1.226269e+00 
-1.542930e+00 
-1.445584e+00 
-1.545551e+00 
-1.536965e+00 
-1.477553e+00 
-1.426280e+00 
-1.093354e+00 
-9.129878e-01 
-8.284881e-01 
-4.619218e-01 
-7.501908e-03 
1.164248e-01 
6.228317e-01 
8.395720e-01 
1.090446e+00 
1.326073e+00 
1.586040e+00 
1.800761e+00 
2.009202e+00 
1.931156e+00 
1.920631e+00 
1.769071e+00 
1.823586e+00 
1.568513e+00 
1.157447e+00 
1.027287e+00 
4.340278e-01 
2.381612e-01 
-2.818388e-01 
-7.825857e-01 
-1.103460e+00 
-1.370533e+00 
-1.722568e+00 
-2.091215e+00 
-2.126683e+00 
-2.181944e+00 
-2.467411e+00 
-2.247839e+00 
-2.312687e+00 
-2.187948e+00 
-1.839696e+00 
-1.423383e+00 
-1.167770e+00 
-7.063706e-01 
-2.650508e-01 
2.355693e-01 
5.765228e-01 
1.354297e+00 
1.567777e+00 
2.064978e+00 
2.441686e+00 
2.525214e+00 
2.939362e+00 
3.010950e+00 
2.912744e+00 
2.871232e+00 
2.727654e+00 
2.219941e+00 
1.940656e+00 
1.354756e+00 
-3.956406e-03 
-2.481190e+00 
-5.299471e+00 
-4.524794e+00 
-1.971723e+00 
-1.193884e+00 
-8.790975e-01 
-9.072845e-01 
-8.656783e-01 
-7.128320e-01 
-7.764723e-01 
-7.911460e-01 
-5.558196e-01 
-3.553265e-01 
-1.404933e-01 
-1.111133e-01 
1.288867e-01 
1.638468e-01 
5.994269e-01 
5.838939e-01 
8.277409e-01 
1.006341e+00 
9.182485e-01 
1.177882e+00 
1.032476e+00 
1.103557e+00 
1.015670e+00 
1.005511e+00 
9.647313e-01 
7.127117e-01 
3.551120e-01 
5.098654e-01 
-9.228107e-02 
2.965490e-03 
-3.297212e-01 
-6.792281e-01 
-8.557618e-01 
-8.656023e-01 
-1.265236e+00 
-1.282723e+00 
-1.260004e+00 
-1.526251e+00 
-1.357459e+00 
-1.284532e+00 
-1.169540e+00 
-1.301654e+00 
-8.660408e-01 
-6.109211e-01 
-5.802213e-01 
-9.869482e-02 
1.529585e-01 
3.797787e-01 
6.811456e-01 
9.185060e-01 
1.210413e+00 
1.527900e+00 
1.571381e+00 
1.655069e+00 
1.769789e+00 
1.776164e+00 
1.581918e+00 
1.632918e+00 
1.474332e+00 
1.101820e+00 
9.710401e-01 
6.271605e-01 
1.458407e-01 
-7.560602e-02 
-3.915995e-01 
-9.839998e-01 
-1.138387e+00 
-1.435461e+00 
-1.908115e+00 
-1.789863e+00 
-2.128303e+00 
-2.292944e+00 
-2.100065e+00 
-2.172226e+00 
-1.925007e+00 
-1.791795e+00 
-1.485069e+00 
-1.251316e+00 
-8.321900e-01 
-3.039703e-01 
-6.459030e-02 
6.097498e-01 
9.579369e-01 
1.462944e+00 
1.687872e+00 
2.236726e+00 
2.346120e+00 
2.626755e+00 
2.842143e+00 
2.600837e+00 
2.783332e+00 
2.588513e+00 
2.138527e+00 
2.048208e+00 
1.325202e+00 
7.764896e-01 
-3.040035e-01 
-2.287024e+00 
-4.180758e+00 
-3.632520e+00 
-2.241055e+00 
-1.459210e+00 
-1.490211e+00 
-1.261211e+00 
-1.436839e+00 
-1.405566e+00 
-1.053053e+00 
-1.122687e+00 
-9.133540e-01 
-6.192677e-01 
-4.487746e-01 
-2.245614e-01 
2.344052e-01 
2.828788e-01 
7.521790e-01 
9.609861e-01 
1.203720e+00 
1.441001e+00 
1.682621e+00 
1.528582e+00 
1.810616e+00 
1.677817e+00 
1.721504e+00 
1.715398e+00 
1.228466e+00 
1.190786e+00 
9.618668e-01 
5.677805e-01 
3.522066e-02 
-1.784994e-01 
-4.965596e-01 
-9.010266e-01 
-1.043554e+00 
-1.628561e+00 
-1.775142e+00 
-1.883996e+00 
-1.984297e+00 
-2.215838e+00 
-2.141306e+00 
-2.124293e+00 
-2.046041e+00 
-1.615308e+00 
-1.524862e+00 
-1.081936e+00 
-8.092966e-01 
-3.106635e-01 
-2.149023e-02 
7.136766e-01 
9.739303e-01 
1.449144e+00 
1.823658e+00 
1.985199e+00 
2.459220e+00 
2.612128e+00 
2.687103e+00 
2.782491e+00 
2.748705e+00 
2.363060e+00 
2.268321e+00 
1.930688e+00 
1.255202e+00 
7.250429e-01 
-3.864836e-01 
-2.301157e+00 
-3.965098e+00 
-3.422314e+00 
-2.226509e+00 
-1.624456e+00 
-1.468971e+00 
-1.359558e+00 
-1.617252e+00 
-1.249699e+00 
-1.293880e+00 
-1.318474e+00 
-8.930676e-01 
-6.783613e-01 
-4.789015e-01 
-1.351016e-01 
2.259317e-01 
2.744052e-01 
7.637055e-01 
1.022926e+00 
1.377106e+00 
1.498107e+00 
1.550968e+00 
1.774242e+00 
1.871443e+00 
1.789884e+00 
1.845844e+00 
1.542219e+00 
1.561566e+00 
1.240707e+00 
9.426137e-01 
6.179074e-01 
1.161742e-01 
-1.460991e-01 
-5.737460e-01 
-9.400730e-01 
-1.323634e+00 
-1.554634e+00 
-1.769768e+00 
-1.958623e+00 
-2.290577e+00 
-2.208525e+00 
-2.193786e+00 
-2.217807e+00 
-2.111414e+00 
-1.761922e+00 
-1.674369e+00 
-1.154337e+00 
-7.729369e-01 
-3.932705e-01 
2.444561e-01 
4.554097e-01 
1.100497e+00 
1.438604e+00 
1.933118e+00 
2.187139e+00 
2.545500e+00 
2.620268e+00 
2.965449e+00 
2.726624e+00 
2.931599e+00 
2.569673e+00 
2.319068e+00 
1.982262e+00 
1.317603e+00 
7.284765e-01 
-9.432566e-01 
-3.609711e+00 
-4.670726e+00 
-3.131995e+00 
-1.659369e+00 
-1.344917e+00 
-1.163231e+00 
-1.257205e+00 
-1.202625e+00 
-1.056393e+00 
-8.866463e-01 
-8.529733e-01 
-6.582670e-01 
-5.192206e-01 
-1.570741e-01 
-3.728078e-02 
1.949926e-01 
3.820194e-01 
6.727663e-01 
9.393000e-01 
1.111001e+00 
1.385801e+00 
1.235768e+00 
1.632016e+00 
1.425910e+00 
1.384844e+00 
1.382331e+00 
1.289198e+00 
1.163586e+00 
9.048726e-01 
5.603730e-01 
2.184332e-01 
1.792599e-01 
-2.407401e-01 
-6.994203e-01 
-7.274007e-01 
-1.155588e+00 
-1.342248e+00 
-1.612216e+00 
-1.807143e+00 
-1.665377e+00 
-1.859891e+00 
-1.937712e+00 
-1.656360e+00 
-1.778394e+00 
-1.222288e+00 
-1.173988e+00 
-8.842423e-01 
-5.080893e-01 
-1.938761e-01 
3.169506e-01 
5.883176e-01 
1.145058e+00 
1.302959e+00 
1.663546e+00 
1.910953e+00 
2.162701e+00 
2.338789e+00 
2.297563e+00 
2.314478e+00 
2.290772e+00 
2.055620e+00 
1.674680e+00 
1.545061e+00 
9.421350e-01 
6.261887e-01 
-4.657781e-02 
-7.533980e-01 
-1.434685e+00 
-2.159613e+00 
-2.138800e+00 
-2.156541e+00 
-2.263662e+00 
-2.272024e+00 
-2.139558e+00 
-2.273372e+00 
-2.179047e+00 
-2.071828e+00 
-1.871508e+00 
-1.566229e+00 
-1.303923e+00 
-7.756237e-01 
-3.459572e-01 
1.028028e-01 
6.608629e-01 
9.302900e-01 
1.624884e+00 
1.763325e+00 
2.313832e+00 
2.654880e+00 
2.551921e+00 
2.935656e+00 
2.826211e+00 
2.873252e+00 
2.530087e+00 
2.368654e+00 
1.952882e+00 
1.567603e+00 
4.536433e-01 
-1.093877e+00 
-3.783431e+00 
-4.757959e+00 
-3.110881e+00 
-1.637636e+00 
-1.182564e+00 
-1.027364e+00 
-1.198445e+00 
-1.042625e+00 
-9.930858e-01 
-1.002100e+00 
-6.809066e-01 
-6.226869e-01 
-5.030205e-01 
-2.906673e-01 
4.623263e-02 
3.101594e-01 
5.494596e-01 
5.135132e-01 
9.065335e-01 
1.057407e+00 
1.260968e+00 
1.448248e+00 
1.308836e+00 
1.405910e+00 
1.464430e+00 
1.193571e+00 
1.186512e+00 
1.058832e+00 
8.480525e-01 
5.325195e-01 
3.201663e-01 
-2.673361e-02 
-3.508670e-01 
-4.916139e-01 
-9.650476e-01 
-1.047988e+00 
-1.322169e+00 
-1.421516e+00 
-1.722310e+00 
-1.658684e+00 
-1.762992e+00 
-1.798746e+00 
-1.744500e+00 
-1.428394e+00 
-1.395055e+00 
-1.000475e+00 
-7.972155e-01 
-3.694091e-01 
-7.250913e-02 
3.305909e-01 
5.419579e-01 
1.097458e+00 
1.184119e+00 
1.792019e+00 
1.881907e+00 
1.872828e+00 
2.302715e+00 
2.120663e+00 
2.293858e+00 
2.079739e+00 
2.030246e+00 
1.498894e+00 
1.485761e+00 
8.618015e-01 
5.244084e-01 
5.978189e-02 
-5.645582e-01 
-1.211712e+00 
-1.661886e+00 
-2.060740e+00 
-2.147035e+00 
-2.034156e+00 
-2.437970e+00 
-2.399224e+00 
-2.238619e+00 
-2.393673e+00 
-2.111001e+00 
-2.051508e+00 
-1.809949e+00 
-1.242603e+00 
-9.928572e-01 
-4.175308e-01 
-7.001087e-02 
4.347426e-01 
1.139830e+00 
1.379177e+00 
2.002864e+00 
2.298745e+00 
2.549793e+00 
2.784974e+00 
3.043876e+00 
2.926910e+00 
3.106225e+00 
2.658020e+00 
2.599274e+00 
2.238255e+00 
1.478763e+00 
7.427369e-01 
-1.538996e+00 
-4.828057e+00 
-5.544286e+00 
-2.593122e+00 
-1.148510e+00 
-7.928973e-01 
-9.294310e-01 
-8.284448e-01 
-6.949785e-01 
-6.384121e-01 
-7.203991e-01 
-3.838327e-01 
-4.900328e-01 
-1.982997e-01 
-3.036640e-02 
-8.891970e-02 
3.712870e-01 
2.410005e-01 
6.578207e-01 
6.531143e-01 
8.579947e-01 
8.668018e-01 
9.754022e-01 
1.005863e+00 
9.865298e-01 
7.863702e-01 
1.051664e+00 
7.021244e-01 
7.149380e-01 
5.277516e-01 
3.064318e-01 
2.103585e-01 
-5.778142e-02 
-2.915015e-01 
-5.999750e-01 
-5.146487e-01 
-9.872556e-01 
-9.793695e-01 
-1.110863e+00 
-1.204630e+00 
-1.199844e+00 
-1.324438e+00 
-1.111099e+00 
-1.102799e+00 
-1.093880e+00 
-9.243403e-01 
-5.708740e-01 
-4.997608e-01 
-2.669943e-01 
4.073228e-02 
2.948657e-01 
4.441659e-01 
8.163595e-01 
1.105993e+00 
1.111207e+00 
1.516008e+00 
1.438662e+00 
1.619042e+00 
1.492523e+00 
1.592697e+00 
1.394318e+00 
1.321185e+00 
1.195986e+00 
9.876863e-01 
5.446333e-01 
3.220735e-01 
-5.239793e-03 
-3.493732e-01 
-6.305335e-01 
-9.972738e-01 
-1.411248e+00 
-1.483282e+00 
-1.616142e+00 
-1.951070e+00 
-1.902198e+00 
-2.001465e+00 
-1.931973e+00 
-1.750207e+00 
-1.683894e+00 
-1.515515e+00 
-1.133002e+00 
-8.220160e-01 
-3.942096e-01 
-1.773097e-01 
4.241370e-01 
6.979840e-01 
1.257204e+00 
1.347585e+00 
1.929206e+00 
2.072193e+00 
2.267248e+00 
2.625402e+00 
2.389963e+00 
2.518531e+00 
2.238752e+00 
2.122153e+00 
1.902247e+00 
1.426968e+00 
1.141149e+00 
3.189225e-01 
-3.306641e-01 
-1.713684e+00 
-2.395019e+00 
-2.869580e+00 
-2.392821e+00 
-1.964902e+00 
-1.897063e+00 
-1.966951e+00 
-2.167459e+00 
-1.891273e+00 
-1.918474e+00 
-1.605468e+00 
-1.425229e+00 
-1.150649e+00 
-6.798695e-01 
-3.989631e-01 
-1.120631e-01 
4.708303e-01 
8.057106e-01 
1.317204e+00 
1.528825e+00 
1.904166e+00 
2.246534e+00 
2.475101e+00 
2.417389e+00 
2.507404e+00 
2.498245e+00 
2.317846e+00 
2.152693e+00 
1.843201e+00 
1.346475e+00 
9.087956e-01 
2.916093e-01 
-7.485974e-01 
-1.920298e+00 
-2.965766e+00 
-2.811900e+00 
-2.033488e+00 
-1.917716e+00 
-1.988637e+00 
-2.040178e+00 
-1.771926e+00 
-1.957266e+00 
-1.785707e+00 
-1.349808e+00 
-1.384195e+00 
-9.387891e-01 
-5.536694e-01 
-2.902829e-01 
5.868378e-02 
6.648839e-01 
7.934843e-01 
1.274358e+00 
1.754739e+00 
1.864420e+00 
2.165547e+00 
2.402048e+00 
2.442476e+00 
2.452697e+00 
2.382092e+00 
2.039006e+00 
1.967860e+00 
1.734441e+00 
1.235442e+00 
6.454889e-01 
1.829291e-01 
-8.793443e-01 
-1.753525e+00 
-2.335272e+00 
-2.498180e+00 
-2.203362e+00 
-2.001309e+00 
-2.114090e+00 
-2.168318e+00 
-2.012752e+00 
-2.123053e+00 
-1.884801e+00 
-1.770762e+00 
-1.453622e+00 
-1.119250e+00 
-6.174366e-01 
-2.848768e-01 
6.470991e-02 
5.815301e-01 
9.288904e-01 
1.363071e+00 
1.875725e+00 
2.128299e+00 
2.355214e+00 
2.455848e+00 
2.677516e+00 
2.782697e+00 
2.508912e+00 
2.488306e+00 
2.226254e+00 
1.777795e+00 
1.409209e+00 
7.423562e-01 
-2.787570e-01 
-2.081157e+00 
-3.570552e+00 
-3.289707e+00 
-2.511422e+00 
-1.635570e+00 
-1.680497e+00 
-1.465631e+00 
-1.695599e+00 
-1.449699e+00 
-1.428013e+00 
-1.275294e+00 
-1.058854e+00 
-8.174548e-01 
-6.106818e-01 
-1.393619e-01 
6.187808e-02 
3.172515e-01 
8.777918e-01 
9.696989e-01 
1.233053e+00 
1.651367e+00 
1.787741e+00 
1.946182e+00 
1.907103e+00 
2.066370e+00 
1.848118e+00 
1.864492e+00 
1.530453e+00 
1.528767e+00 
9.064607e-01 
8.607210e-01 
2.937413e-01 
-1.552253e-01 
-6.534922e-01 
-1.011886e+00 
-1.327307e+00 
-1.808721e+00 
-1.839435e+00 
-2.149942e+00 
-2.326030e+00 
-2.384804e+00 
-2.373786e+00 
-2.361527e+00 
-2.028028e+00 
-1.906675e+00 
-1.762016e+00 
-1.293637e+00 
-9.549239e-01 
-3.087708e-01 
1.210225e-01 
4.997027e-01 
9.460297e-01 
1.571244e+00 
1.978858e+00 
2.374119e+00 
2.476613e+00 
2.890141e+00 
3.001109e+00 
3.043111e+00 
2.844699e+00 
2.780913e+00 
2.464648e+00 
2.210735e+00 
1.430623e+00 
5.235635e-01 
-1.692716e+00 
-5.154877e+00 
-5.207720e+00 
-2.389322e+00 
-1.110370e+00 
-8.639307e-01 
-9.119111e-01 
-8.005115e-01 
-6.864252e-01 
-7.296522e-01 
-5.834991e-01 
-5.540394e-01 
-4.337529e-01 
-2.707797e-01 
-1.542932e-01 
1.146735e-01 
2.792203e-01 
4.170738e-01 
5.976140e-01 
7.216677e-01 
8.479947e-01 
9.165951e-01 
8.662289e-01 
1.104416e+00 
9.471498e-01 
9.761635e-01 
1.065384e+00 
7.760511e-01 
7.403114e-01 
5.135384e-01 
2.318052e-01 
2.140786e-01 
-1.140613e-01 
-2.890214e-01 
-5.774950e-01 
-6.217553e-01 
-9.266356e-01 
-1.047509e+00 
-1.120450e+00 
-1.324424e+00 
-1.142118e+00 
-1.435472e+00 
-1.184406e+00 
-1.137553e+00 
-1.159253e+00 
-8.409538e-01 
-6.356274e-01 
-5.357543e-01 
-3.036078e-01 
1.434988e-01 
3.099056e-01 
6.996191e-01 
8.471862e-01 
9.074400e-01 
1.408520e+00 
1.389521e+00 
1.509488e+00 
1.611316e+00 
1.614590e+00 
1.607244e+00 
1.519071e+00 
1.328419e+00 
1.153219e+00 
1.033886e+00 
4.916601e-01 
3.478603e-01 
-4.903965e-02 
-4.842064e-01 
-5.482601e-01 
-1.103347e+00 
-1.329594e+00 
-1.689975e+00 
-1.727176e+00 
-1.954377e+00 
-2.025504e+00 
-1.887252e+00 
-2.125279e+00 
-1.867440e+00 
-1.613401e+00 
-1.653368e+00 
-1.093542e+00 
-8.715229e-01 
-3.445432e-01 
2.359677e-02 
2.893836e-01 
7.405438e-01 
1.270798e+00 
1.561592e+00 
1.947759e+00 
2.311160e+00 
2.441175e+00 
2.432842e+00 
2.613270e+00 
2.586385e+00 
2.407846e+00 
2.084554e+00 
2.003614e+00 
1.380195e+00 
9.331357e-01 
2.963627e-01 
-8.638440e-01 
-2.148025e+00 
-3.048246e+00 
-2.856034e+00 
-2.148449e+00 
-1.894950e+00 
-1.825250e+00 
-1.913278e+00 
-1.672339e+00 
-1.755613e+00 
-1.629920e+00 
-1.480921e+00 
-1.168202e+00 
-8.484555e-01 
-6.816824e-01 
-6.118933e-02 
1.823241e-01 
4.607976e-01 
9.348513e-01 
1.238412e+00 
1.637759e+00 
1.914753e+00 
2.026708e+00 
2.160109e+00 
2.395370e+00 
2.284557e+00 
2.190438e+00 
2.133426e+00 
1.744347e+00 
1.506381e+00 
1.252835e+00 
6.435020e-01 
1.114881e-02 
-5.844313e-01 
-1.192205e+00 
-1.832172e+00 
-2.104747e+00 
-2.112074e+00 
-2.308575e+00 
-2.178177e+00 
-2.254058e+00 
-2.360559e+00 
-2.158300e+00 
-2.150874e+00 
-2.082415e+00 
-1.601682e+00 
-1.470203e+00 
-9.154170e-01 
-3.486439e-01 
-1.398840e-01 
4.332161e-01 
9.280964e-01 
1.362897e+00 
1.866171e+00 
2.209159e+00 
2.478346e+00 
2.672081e+00 
2.878709e+00 
2.898437e+00 
2.907338e+00 
2.695206e+00 
2.607494e+00 
2.046888e+00 
1.713676e+00 
8.428166e-01 
-7.166431e-01 
-3.458550e+00 
-5.336672e+00 
-3.351995e+00 
-1.733916e+00 
-1.150910e+00 
-8.650909e-01 
-1.042865e+00 
-1.073945e+00 
-8.852323e-01 
-8.021793e-01 
-8.070597e-01 
-5.417333e-01 
-3.006202e-01 
-1.643403e-01 
-6.516696e-02 
8.607307e-02 
4.104132e-01 
7.213667e-01 
6.385205e-01 
9.836075e-01 
1.125515e+00 
1.079902e+00 
1.302842e+00 
1.349916e+00 
1.147404e+00 
1.120137e+00 
1.181838e+00 
8.643651e-01 
7.198654e-01 
5.820590e-01 
2.611526e-01 
-6.574052e-03 
-1.698808e-01 
-4.264943e-01 
-7.482745e-01 
-9.864616e-01 
-1.119195e+00 
-1.434203e+00 
-1.415203e+00 
-1.575171e+00 
-1.587825e+00 
-1.530065e+00 
-1.590446e+00 
-1.321447e+00 
-1.156247e+00 
-8.971212e-01 
-7.922082e-01 
-5.348152e-01 
-9.184201e-02 
2.104314e-01 
5.489049e-01 
9.841986e-01 
1.028172e+00 
1.422560e+00 
1.824594e+00 
1.764275e+00 
1.901889e+00 
2.061570e+00 
1.913731e+00 
1.951965e+00 
1.670199e+00 
1.601820e+00 
1.191374e+00 
1.011834e+00 
5.481612e-01 
6.456799e-02 
-3.791521e-01 
-7.419657e-01 
-1.092013e+00 
-1.458880e+00 
-1.892774e+00 
-1.924935e+00 
-2.256889e+00 
-2.354837e+00 
-2.433818e+00 
-2.313419e+00 
-2.299507e+00 
-1.984355e+00 
-1.891762e+00 
-1.526483e+00 
-1.182937e+00 
-7.017440e-01 
-2.102175e-01 
3.316425e-01 
8.146628e-01 
1.067397e+00 
1.794884e+00 
2.046838e+00 
2.413133e+00 
2.816040e+00 
2.916182e+00 
2.877150e+00 
3.016051e+00 
2.916606e+00 
2.593854e+00 
2.373248e+00 
1.947062e+00 
1.171163e+00 
-3.147635e-02 
-3.209330e+00 
-5.722698e+00 
-4.046494e+00 
-1.813090e+00 
-1.011737e+00 
-7.430242e-01 
-7.983179e-01 
-9.344383e-01 
-6.530387e-01 
-7.354390e-01 
-6.292859e-01 
-4.606528e-01 
-3.482997e-01 
-2.134665e-01 
-6.573985e-02 
2.350868e-01 
2.221137e-01 
6.087271e-01 
5.131941e-01 
8.353877e-01 
8.339881e-01 
9.321752e-01 
1.122016e+00 
9.153695e-01 
1.183970e+00 
8.377371e-01 
8.738575e-01 
7.903912e-01 
5.748582e-01 
4.845717e-01 
3.522186e-01 
2.697202e-02 
-3.050947e-01 
-3.039816e-01 
-5.526618e-01 
-8.163021e-01 
-9.151091e-01 
-1.105570e+00 
-1.289543e+00 
-1.186824e+00 
-1.321418e+00 
-1.218285e+00 
-1.192466e+00 
-1.275613e+00 
-8.800002e-01 
-8.957072e-01 
-5.614142e-01 
-4.198877e-01 
-1.552612e-01 
3.149455e-01 
2.848657e-01 
8.139592e-01 
8.637997e-01 
1.164260e+00 
1.430507e+00 
1.371715e+00 
1.701062e+00 
1.566610e+00 
1.598644e+00 
1.560678e+00 
1.471265e+00 
1.249372e+00 
1.122313e+00 
6.721533e-01 
5.022802e-01 
2.486870e-01 
-2.602797e-01 
-5.397866e-01 
-7.948736e-01 
-1.164921e+00 
-1.422201e+00 
-1.534235e+00 
-1.917923e+00 
-1.978844e+00 
-2.100178e+00 
-2.023166e+00 
-1.883673e+00 
-1.880461e+00 
-1.676421e+00 
-1.417422e+00 
-9.124294e-01 
-6.964830e-01 
-2.257832e-01 
-1.516320e-02 
7.197969e-01 
8.498440e-01 
1.342165e+00 
1.904199e+00 
1.877186e+00 
2.308727e+00 
2.578328e+00 
2.572476e+00 
2.475384e+00 
2.505192e+00 
2.294586e+00 
2.068607e+00 
1.847048e+00 
1.330115e+00 
7.418159e-01 
-1.590905e-01 
-1.318804e+00 
-2.652285e+00 
-3.232633e+00 
-2.633728e+00 
-2.010976e+00 
-1.794170e+00 
-1.781991e+00 
-1.848778e+00 
-1.676186e+00 
-1.709253e+00 
-1.562321e+00 
-1.391668e+00 
-1.156882e+00 
-5.767223e-01 
-4.441625e-01 
-9.870927e-02 
3.439775e-01 
6.657577e-01 
1.163945e+00 
1.362052e+00 
1.603673e+00 
1.969634e+00 
2.082415e+00 
2.356642e+00 
2.325623e+00 
2.202951e+00 
2.236765e+00 
1.970373e+00 
1.697574e+00 
1.308368e+00 
1.050482e+00 
4.268087e-01 
-7.009122e-02 
-9.073247e-01 
-1.561712e+00 
-2.009119e+00 
-2.055000e+00 
-2.140881e+00 
-2.247589e+00 
-2.105537e+00 
-2.359558e+00 
-2.447919e+00 
-2.207107e+00 
-2.170301e+00 
-1.671842e+00 
-1.712223e+00 
-1.192810e+00 
-7.120305e-01 
-3.009173e-01 
7.887600e-02 
6.165228e-01 
1.085123e+00 
1.543024e+00 
1.989811e+00 
2.385072e+00 
2.597567e+00 
2.703368e+00 
3.030203e+00 
2.912617e+00 
2.791312e+00 
2.666287e+00 
2.427541e+00 
1.982802e+00 
1.437936e+00 
4.110835e-01 
-1.737470e+00 
-4.640457e+00 
-5.032553e+00 
-2.510642e+00 
-1.134377e+00 
-1.018557e+00 
-1.119844e+00 
-8.927849e-01 
-9.705586e-01 
-8.595724e-01 
-7.158994e-01 
-8.089197e-01 
-4.535934e-01 
-1.906202e-01 
-1.820669e-01 
4.669309e-02 
3.202065e-01 
4.593000e-01 
6.910803e-01 
7.874073e-01 
1.045388e+00 
9.783282e-01 
1.319409e+00 
1.217103e+00 
1.192110e+00 
1.166084e+00 
1.009024e+00 
1.048245e+00 
8.278785e-01 
6.625521e-01 
3.835057e-01 
1.684658e-01 
-5.112082e-02 
-3.052542e-01 
-4.845545e-01 
-9.573681e-01 
-9.196886e-01 
-1.300769e+00 
-1.309290e+00 
-1.407397e+00 
-1.596951e+00 
-1.589812e+00 
-1.581846e+00 
-1.303053e+00 
-1.317854e+00 
-1.002448e+00 
-8.600146e-01 
-6.842749e-01 
-2.446085e-01 
-1.564187e-02 
3.580782e-01 
6.294451e-01 
9.861855e-01 
1.369953e+00 
1.501160e+00 
1.624434e+00 
1.809568e+00 
2.007802e+00 
1.939343e+00 
1.858611e+00 
1.875398e+00 
1.561773e+00 
1.470913e+00 
1.067574e+00 
6.853476e-01 
4.148544e-01 
5.857452e-02 
-6.751456e-01 
-8.139526e-01 
-1.175240e+00 
-1.573554e+00 
-2.029515e+00 
-2.044156e+00 
-2.138177e+00 
-2.273231e+00 
-2.390145e+00 
-2.408506e+00 
-2.096247e+00 
-1.986548e+00 
-1.813749e+00 
-1.306610e+00 
-9.183104e-01 
-4.915373e-01 
-1.356708e-01 
4.576360e-01 
1.073136e+00 
1.341037e+00 
1.733898e+00 
2.344199e+00 
2.416280e+00 
2.898774e+00 
2.810156e+00 
2.998437e+00 
3.059405e+00 
2.700373e+00 
2.472661e+00 
2.149162e+00 
1.688016e+00 
7.665367e-01 
-7.945764e-01 
-4.008137e+00 
-5.457626e+00 
-3.155222e+00 
-1.532803e+00 
-9.154572e-01 
-9.746776e-01 
-9.947247e-01 
-8.847718e-01 
-7.621322e-01 
-7.765992e-01 
-5.910662e-01 
-4.813998e-01 
-4.392533e-01 
1.392658e-02 
-4.338669e-02 
2.880600e-01 
3.763269e-01 
5.562471e-01 
7.296807e-01 
8.164211e-01 
1.064608e+00 
9.175487e-01 
1.106976e+00 
1.329916e+00 
1.006990e+00 
1.076831e+00 
9.377045e-01 
8.352715e-01 
6.303585e-01 
4.008988e-01 
1.564789e-01 
6.689224e-02 
-2.945545e-01 
-3.334413e-01 
-8.629482e-01 
-7.432020e-01 
-1.170562e+00 
-1.156396e+00 
-1.381404e+00 
-1.400544e+00 
-1.459478e+00 
-1.389032e+00 
-1.456519e+00 
-1.224833e+00 
-9.577739e-01 
-8.547210e-01 
-6.091879e-01 
-2.982815e-01 
-1.307615e-01 
3.102718e-01 
6.303987e-01 
7.069324e-01 
1.034706e+00 
1.318887e+00 
1.658441e+00 
1.684401e+00 
1.670156e+00 
1.884876e+00 
1.713317e+00 
1.657418e+00 
1.709659e+00 
1.322313e+00 
9.562867e-01 
8.422004e-01 
5.454273e-01 
1.022475e-01 
-3.402326e-01 
-7.118062e-01 
-9.808199e-01 
-1.395000e+00 
-1.627241e+00 
-2.033615e+00 
-1.917636e+00 
-2.178351e+00 
-2.253612e+00 
-2.159493e+00 
-2.142480e+00 
-1.994228e+00 
-1.722049e+00 
-1.363463e+00 
-1.096817e+00 
-5.841770e-01 
-7.058377e-02 
1.437563e-01 
8.824365e-01 
1.106204e+00 
1.624104e+00 
1.952132e+00 
2.376153e+00 
2.498027e+00 
2.631349e+00 
2.806323e+00 
2.963778e+00 
2.693299e+00 
2.346000e+00 
2.250435e+00 
1.801975e+00 
1.063390e+00 
2.088899e-01 
-1.403590e+00 
-3.789344e+00 
-4.373666e+00 
-2.648322e+00 
-1.555363e+00 
-1.318637e+00 
-1.396331e+00 
-1.345058e+00 
-1.242132e+00 
-1.196519e+00 
-9.194599e-01 
-9.362003e-01 
-7.529407e-01 
-5.055476e-01 
-1.527811e-01 
7.425540e-03 
2.609390e-01 
6.996191e-01 
7.471862e-01 
9.753733e-01 
1.257900e+00 
1.345801e+00 
1.704942e+00 
1.610903e+00 
1.494177e+00 
1.704351e+00 
1.368245e+00 
1.424492e+00 
1.211359e+00 
7.932664e-01 
6.360800e-01 
3.453802e-01 
-9.151971e-02 
-2.475132e-01 
-6.466067e-01 
-1.063760e+00 
-1.239181e+00 
-1.517702e+00 
-1.731389e+00 
-2.008797e+00 
-1.981164e+00 
-2.112085e+00 
-1.834866e+00 
-1.911034e+00 
-1.848028e+00 
-1.482955e+00 
-1.049616e+00 
-8.167695e-01 
-5.087564e-01 
-4.412984e-02 
3.802103e-01 
7.532305e-01 
1.143691e+00 
1.581798e+00 
1.848379e+00 
2.229713e+00 
2.278074e+00 
2.436436e+00 
2.697070e+00 
2.432045e+00 
2.440406e+00 
2.147940e+00 
1.838448e+00 
1.621722e+00 
9.798290e-01 
3.840893e-01 
-6.842573e-01 
-1.814718e+00 
-3.048119e+00 
-2.786114e+00 
-2.287288e+00 
-1.926889e+00 
-1.898017e+00 
-1.927698e+00 
-1.857172e+00 
-1.764373e+00 
-1.638887e+00 
-1.510094e+00 
-1.257995e+00 
-1.030109e+00 
-6.070559e-01 
-2.549094e-01 
-5.322755e-03 
5.794307e-01 
7.561711e-01 
1.276218e+00 
1.646599e+00 
1.754006e+00 
2.252861e+00 
2.281222e+00 
2.269169e+00 
2.445877e+00 
2.175272e+00 
2.338052e+00 
1.843314e+00 
1.597414e+00 
1.355728e+00 
6.984621e-01 
1.571423e-01 
-4.555445e-01 
-1.470838e+00 
-2.116799e+00 
-2.285367e+00 
-2.196414e+00 
-2.124569e+00 
-2.210243e+00 
-2.206744e+00 
-2.182212e+00 
-2.256233e+00 
-1.980874e+00 
-1.768901e+00 
-1.711762e+00 
-1.232763e+00 
-9.732234e-01 
-4.578970e-01 
3.838288e-02 
5.249964e-01 
8.415301e-01 
1.374264e+00 
1.737538e+00 
2.167632e+00 
2.305787e+00 
2.725801e+00 
2.673462e+00 
2.858850e+00 
2.696925e+00 
2.770453e+00 
2.324394e+00 
2.048002e+00 
1.514996e+00 
8.702097e-01 
-1.784234e-01 
-2.458964e+00 
-4.246418e+00 
-3.789627e+00 
-2.181469e+00 
-1.568383e+00 
-1.271657e+00 
-1.338111e+00 
-1.155392e+00 
-1.368332e+00 
-1.185200e+00 
-1.007727e+00 
-7.561205e-01 
-6.889342e-01 
-2.700944e-01 
-2.623678e-01 
2.855655e-01 
3.448657e-01 
7.451993e-01 
7.735930e-01 
1.212193e+00 
1.329474e+00 
1.338615e+00 
1.717342e+00 
1.593303e+00 
1.575957e+00 
1.567578e+00 
1.428372e+00 
1.335652e+00 
1.040453e+00 
8.286398e-01 
5.020735e-01 
1.184803e-01 
-8.317308e-02 
-4.289599e-01 
-7.717735e-01 
-1.121407e+00 
-1.507861e+00 
-1.681755e+00 
-1.788543e+00 
-1.866777e+00 
-2.025838e+00 
-1.987379e+00 
-2.007266e+00 
-1.896741e+00 
-1.513115e+00 
-1.440809e+00 
-1.106436e+00 
-6.746230e-01 
-3.135098e-01 
5.250143e-03 
5.206236e-01 
9.165373e-01 
1.350304e+00 
1.742545e+00 
2.012226e+00 
2.136660e+00 
2.522748e+00 
2.515863e+00 
2.577737e+00 
2.539818e+00 
2.290039e+00 
2.044060e+00 
1.852088e+00 
1.235362e+00 
8.652025e-01 
-6.301728e-02 
-9.106641e-01 
-2.455671e+00 
-3.182093e+00 
-2.512361e+00 
-2.247335e+00 
-1.755696e+00 
-1.812897e+00 
-1.980512e+00 
-1.740812e+00 
-1.785327e+00 
-1.660047e+00 
-1.501461e+00 
-1.018949e+00 
-8.058957e-01 
-6.180893e-01 
-1.614944e-02 
8.839733e-02 
7.450108e-01 
9.350579e-01 
1.488618e+00 
1.673133e+00 
1.960747e+00 
2.093528e+00 
2.298169e+00 
2.306116e+00 
2.343237e+00 
2.420152e+00 
1.907686e+00 
1.793647e+00 
1.506508e+00 
1.082755e+00 
5.297021e-01 
-6.513111e-02 
-8.023646e-01 
-1.584685e+00 
-2.162713e+00 
-2.271900e+00 
-2.102328e+00 
-2.188209e+00 
-2.184917e+00 
-2.220591e+00 
-2.246059e+00 
-2.311113e+00 
-1.916581e+00 
-1.912955e+00 
-1.438503e+00 
-1.073510e+00 
-8.404569e-01 
-2.322371e-01 
6.879622e-02 
7.060297e-01 
1.066283e+00 
1.333564e+00 
2.055805e+00 
2.192306e+00 
2.520667e+00 
2.764815e+00 
2.702889e+00 
2.858484e+00 
2.766145e+00 
2.550707e+00 
2.319688e+00 
2.012882e+00 
1.298843e+00 
4.893032e-01 
-9.973900e-01 
-3.444877e+00 
-4.722379e+00 
-3.144681e+00 
-1.672263e+00 
-1.158017e+00 
-1.232404e+00 
-1.217825e+00 
-1.172419e+00 
-1.085566e+00 
-1.096440e+00 
-8.871068e-01 
-6.830205e-01 
-4.343874e-01 
-3.303809e-01 
5.899063e-03 
3.392058e-01 
3.593327e-01 
7.196663e-01 
1.057233e+00 
1.041414e+00 
1.454768e+00 
1.256182e+00 
1.502842e+00 
1.614050e+00 
1.456910e+00 
1.495844e+00 
1.154985e+00 
1.086479e+00 
1.056113e+00 
6.247131e-01 
3.540133e-01 
-2.473288e-03 
-2.664000e-01 
-6.657003e-01 
-9.430606e-01 
-1.135794e+00 
-1.422042e+00 
-1.613662e+00 
-1.718590e+00 
-1.794964e+00 
-1.902165e+00 
-1.950812e+00 
-1.699667e+00 
-1.722527e+00 
-1.455181e+00 
-1.081635e+00 
-8.198224e-01 
-4.822227e-01 
-1.073895e-01 
1.552973e-01 
7.033574e-01 
1.062578e+00 
1.418825e+00 
1.731893e+00 
1.940747e+00 
2.233114e+00 
2.220649e+00 
2.466943e+00 
2.467371e+00 
2.166765e+00 
2.098926e+00 
1.918814e+00 
1.414155e+00 
1.038335e+00 
4.942489e-01 
-7.141103e-02 
-9.588512e-01 
-1.724478e+00 
-2.395399e+00 
-2.349341e+00 
-2.251215e+00 
-1.919989e+00 
-2.270910e+00 
-2.278238e+00 
-2.054739e+00 
-2.055660e+00 
-1.995754e+00 
-1.663782e+00 
-1.504163e+00 
-1.030616e+00 
-6.167368e-01 
-4.039703e-01 
2.433430e-01 
7.840899e-01 
1.045790e+00 
1.492451e+00 
1.857792e+00 
2.269953e+00 
2.499760e+00 
2.763288e+00 
2.721156e+00 
2.846958e+00 
2.674206e+00 
2.476700e+00 
2.114028e+00 
1.792882e+00 
1.184296e+00 
6.324831e-01 
-1.011110e+00 
-3.238804e+00 
-4.291966e+00 
-3.015381e+00 
-1.840483e+00 
-1.419957e+00 
-1.439924e+00 
-1.249685e+00 
-1.374899e+00 
-1.412179e+00 
-1.099667e+00 
-9.601271e-01 
-8.172808e-01 
-5.111278e-01 
-3.583613e-01 
-1.122880e-01 
2.789520e-01 
5.982522e-01 
7.339592e-01 
9.421463e-01 
1.334260e+00 
1.554021e+00 
1.607708e+00 
1.551809e+00 
1.664050e+00 
1.717944e+00 
1.792251e+00 
1.327385e+00 
1.352186e+00 
1.076986e+00 
7.655869e-01 
3.773672e-01 
2.088057e-02 
-2.130462e-01 
-5.617264e-01 
-1.027433e+00 
-1.412441e+00 
-1.584888e+00 
-1.650229e+00 
-2.076190e+00 
-2.060211e+00 
-2.112992e+00 
-2.095979e+00 
-2.097727e+00 
-1.758648e+00 
-1.621715e+00 
-1.371269e+00 
-1.025036e+00 
-5.611567e-01 
-2.473568e-01 
2.230565e-01 
7.831834e-01 
1.134677e+00 
1.542991e+00 
1.799159e+00 
2.339873e+00 
2.300921e+00 
2.720109e+00 
2.736943e+00 
2.702951e+00 
2.477099e+00 
2.475460e+00 
1.972788e+00 
1.818749e+00 
1.070783e+00 
5.166963e-01 
-7.891703e-01 
-2.762111e+00 
-3.755352e+00 
-3.217814e+00 
-1.907462e+00 
-1.698590e+00 
-1.594551e+00 
-1.417618e+00 
-1.506345e+00 
-1.506313e+00 
-1.295660e+00 
-1.170047e+00 
-9.913344e-01 
-8.184881e-01 
-4.217151e-01 
3.531448e-03 
1.876649e-01 
4.855184e-01 
7.593654e-01 
1.178586e+00 
1.336073e+00 
1.706247e+00 
1.743448e+00 
1.950649e+00 
1.901363e+00 
1.910217e+00 
1.968451e+00 
1.627099e+00 
1.517893e+00 
1.155794e+00 
9.756340e-01 
4.713410e-01 
3.063011e-01 
-3.822522e-01 
-6.250658e-01 
-1.262633e+00 
-1.443014e+00 
-1.646494e+00 
-2.063488e+00 
-1.998336e+00 
-2.410910e+00 
-2.221132e+00 
-2.516393e+00 
-2.076820e+00 
-2.107121e+00 
-1.907215e+00 
-1.392350e+00 
-1.296117e+00 
-7.274039e-01 
-2.764975e-01 
2.539159e-01 
8.552828e-01 
1.138843e+00 
1.687777e+00 
1.897458e+00 
2.570653e+00 
2.536867e+00 
2.881222e+00 
3.101570e+00 
2.855224e+00 
2.952472e+00 
2.590547e+00 
2.269941e+00 
2.031689e+00 
1.097650e+00 
1.935635e-01 
-2.499537e+00 
-5.448231e+00 
-4.436654e+00 
-1.961723e+00 
-1.063677e+00 
-1.036204e+00 
-9.576979e-01 
-8.471250e-01 
-8.738654e-01 
-8.108124e-01 
-6.361061e-01 
-4.974730e-01 
-4.357399e-01 
-3.425600e-01 
5.268655e-02 
1.562000e-01 
2.717801e-01 
4.996336e-01 
6.420339e-01 
8.771209e-01 
9.767547e-01 
8.680418e-01 
1.176642e+00 
1.061236e+00 
1.112937e+00 
1.095257e+00 
1.066751e+00 
9.272114e-01 
7.143651e-01 
4.467654e-01 
3.633788e-01 
1.481323e-01 
-2.116611e-01 
-3.988946e-01 
-5.098481e-01 
-8.628684e-01 
-1.062916e+00 
-1.176683e+00 
-1.172310e+00 
-1.427317e+00 
-1.327078e+00 
-1.514152e+00 
-1.494532e+00 
-1.273880e+00 
-1.138060e+00 
-8.689342e-01 
-7.838145e-01 
-4.766281e-01 
-9.282825e-02 
1.903180e-02 
4.631652e-01 
7.263922e-01 
9.247859e-01 
1.366900e+00 
1.387694e+00 
1.518281e+00 
1.860935e+00 
1.859996e+00 
1.628230e+00 
1.890884e+00 
1.638292e+00 
1.379706e+00 
1.165126e+00 
9.755869e-01 
6.717073e-01 
3.012141e-01 
-2.571325e-01 
-5.670527e-01 
-7.431731e-01 
-1.382600e+00 
-1.444841e+00 
-1.777702e+00 
-1.936763e+00 
-2.248303e+00 
-2.055424e+00 
-2.317585e+00 
-2.134293e+00 
-2.006247e+00 
-1.794688e+00 
-1.607962e+00 
-1.136690e+00 
-8.150834e-01 
-3.964503e-01 
1.069602e-03 
5.168564e-01 
1.023183e+00 
1.339637e+00 
1.982085e+00 
2.187139e+00 
2.335500e+00 
2.605928e+00 
2.950903e+00 
2.741871e+00 
2.807258e+00 
2.472853e+00 
2.340387e+00 
2.074202e+00 
1.401609e+00 
7.843431e-01 
-5.961500e-01 
-2.925370e+00 
-4.612332e+00 
-3.332774e+00 
-2.074696e+00 
-1.389130e+00 
-1.158477e+00 
-1.252451e+00 
-1.417872e+00 
-1.026186e+00 
-1.265820e+00 
-7.800002e-01 
-8.736405e-01 
-5.989342e-01 
-2.182344e-01 
-1.094744e-01 
2.115590e-01 
4.592058e-01 
6.618128e-01 
9.983465e-01 
1.061494e+00 
1.365468e+00 
1.385228e+00 
1.664782e+00 
1.639503e+00 
1.522984e+00 
1.563364e+00 
1.383952e+00 
1.270199e+00 
8.835528e-01 
8.184332e-01 
3.816601e-01 
9.558689e-02 
-2.264798e-01 
-4.151600e-01 
-9.775603e-01 
-1.051327e+00 
-1.406128e+00 
-1.767749e+00 
-1.826190e+00 
-1.845044e+00 
-2.013485e+00 
-2.014612e+00 
-1.934913e+00 
-1.682734e+00 
-1.734561e+00 
-1.176802e+00 
-1.006849e+00 
-6.629696e-01 
-2.316498e-01 
1.687636e-01 
6.974437e-01 
8.368709e-01 
1.418778e+00 
1.872259e+00 
2.034420e+00 
2.129061e+00 
2.394735e+00 
2.684956e+00 
2.470137e+00 
2.389739e+00 
2.236653e+00 
2.039434e+00 
1.687255e+00 
1.247015e+00 
5.970625e-01 
-6.737364e-03 
-1.183144e+00 
-2.503732e+00 
-2.930979e+00 
-2.395874e+00 
-2.118369e+00 
-1.864043e+00 
-2.023517e+00 
-2.035472e+00 
-1.936806e+00 
-1.755247e+00 
-1.759141e+00 
-1.402415e+00 
-1.197629e+00 
-8.980893e-01 
-4.419362e-01 
-1.660697e-01 
2.955837e-01 
7.067440e-01 
1.156171e+00 
1.394485e+00 
1.867139e+00 
1.918887e+00 
2.290841e+00 
2.409615e+00 
2.539837e+00 
2.431711e+00 
2.360279e+00 
2.056366e+00 
1.895221e+00 
1.459941e+00 
1.164949e+00 
4.333424e-01 
-2.237642e-01 
-1.204511e+00 
-2.325305e+00 
-2.498626e+00 
-2.434428e+00 
-2.177749e+00 
-1.994663e+00 
-1.956824e+00 
-2.077332e+00 
-2.059493e+00 
-1.990414e+00 
-1.859061e+00 
-1.394195e+00 
-1.418996e+00 
-7.737963e-01 
-5.247499e-01 
-1.903300e-01 
3.311167e-01 
8.433103e-01 
1.115837e+00 
1.533531e+00 
1.949286e+00 
2.062893e+00 
2.537948e+00 
2.471889e+00 
2.613350e+00 
2.626671e+00 
2.449166e+00 
2.316907e+00 
1.920928e+00 
1.605855e+00 
1.093549e+00 
3.100828e-01 
-5.899172e-01 
-2.208518e+00 
-3.420185e+00 
-2.975827e+00 
-2.150722e+00 
-1.937223e+00 
-1.618351e+00 
-1.692038e+00 
-1.696552e+00 
-1.740446e+00 
-1.624547e+00 
-1.355548e+00 
-9.503482e-01 
-1.006262e+00 
-5.130023e-01 
-2.192024e-01 
2.607976e-01 
4.807178e-01 
9.949781e-01 
1.069572e+00 
1.535199e+00 
1.719920e+00 
2.107741e+00 
2.022795e+00 
2.225163e+00 
2.080837e+00 
2.212585e+00 
1.976192e+00 
1.604013e+00 
1.493361e+00 
1.029815e+00 
6.561416e-01 
2.644084e-01 
-4.355916e-01 
-8.400586e-01 
-1.572586e+00 
-1.719787e+00 
-2.009261e+00 
-2.053902e+00 
-2.258543e+00 
-2.516491e+00 
-2.348778e+00 
-2.446519e+00 
-2.285294e+00 
-2.069728e+00 
-1.798789e+00 
-1.591443e+00 
-1.019137e+00 
-7.944307e-01 
-1.247643e-01 
2.989558e-01 
8.513561e-01 
1.234917e+00 
1.685917e+00 
2.215598e+00 
2.575406e+00 
2.661621e+00 
3.028455e+00 
2.971697e+00 
3.142458e+00 
2.815493e+00 
2.700467e+00 
2.391928e+00 
1.845949e+00 
1.027777e+00 
-4.979629e-01 
-3.705530e+00 
-6.219025e+00 
-3.432742e+00 
-1.536110e+00 
-6.987639e-01 
-8.734376e-01 
-7.114180e-01 
-7.656783e-01 
-6.007653e-01 
-6.321322e-01 
-4.639125e-01 
-5.119727e-01 
-2.608595e-01 
-5.437293e-02 
8.645375e-02 
-9.826164e-03 
4.018272e-01 
4.119541e-01 
7.320810e-01 
6.386147e-01 
7.728750e-01 
8.596154e-01 
9.778025e-01 
9.380563e-01 
8.370700e-01 
8.236037e-01 
8.395174e-01 
6.054311e-01 
5.261780e-01 
3.650649e-01 
2.304383e-01 
-1.170816e-01 
-1.818351e-01 
-3.178285e-01 
-5.965087e-01 
-6.207690e-01 
-8.952360e-01 
-1.075076e+00 
-1.048224e+00 
-1.170337e+00 
-1.124518e+00 
-1.167252e+00 
-1.070399e+00 
-1.081066e+00 
-7.415267e-01 
-7.645469e-01 
-5.077739e-01 
-3.354207e-01 
6.065250e-02 
1.549926e-01 
3.911927e-01 
6.521463e-01 
9.182667e-01 
1.209554e+00 
1.046421e+00 
1.449362e+00 
1.480156e+00 
1.490950e+00 
1.441330e+00 
1.390058e+00 
1.107132e+00 
1.197799e+00 
9.399125e-01 
5.362396e-01 
4.738864e-01 
1.000865e-01 
-3.315668e-01 
-4.321071e-01 
-8.245073e-01 
-1.064761e+00 
-1.419562e+00 
-1.591182e+00 
-1.565696e+00 
-1.868971e+00 
-1.827825e+00 
-1.835026e+00 
-1.801606e+00 
-1.456741e+00 
-1.464021e+00 
-1.240888e+00 
-8.425889e-01 
-4.956092e-01 
-2.611893e-01 
2.081907e-01 
6.672842e-01 
8.756779e-01 
1.437998e+00 
1.651479e+00 
1.748680e+00 
2.207121e+00 
2.194242e+00 
2.340123e+00 
2.308071e+00 
2.204365e+00 
2.067559e+00 
1.767034e+00 
1.479481e+00 
1.065315e+00 
6.420553e-01 
4.970211e-02 
-6.150513e-01 
-1.313445e+00 
-1.945892e+00 
-2.150740e+00 
-2.208895e+00 
-2.097256e+00 
-2.242310e+00 
-2.269431e+00 
-2.216139e+00 
-2.330780e+00 
-2.176867e+00 
-1.938822e+00 
-1.554989e+00 
-1.292476e+00 
-9.239703e-01 
-4.174039e-01 
2.990935e-02 
4.965228e-01 
9.926432e-01 
1.478684e+00 
1.764231e+00 
2.254945e+00 
2.464960e+00 
2.718281e+00 
2.945736e+00 
2.846704e+00 
2.834365e+00 
2.810580e+00 
2.275141e+00 
2.087509e+00 
1.585123e+00 
8.015766e-01 
-8.087098e-01 
-3.702477e+00 
-5.075559e+00 
-3.335301e+00 
-1.526810e+00 
-1.199464e+00 
-1.084678e+00 
-9.769981e-01 
-1.076632e+00 
-9.479190e-01 
-8.961061e-01 
-7.228465e-01 
-5.656601e-01 
-4.749603e-01 
-1.921938e-01 
1.065662e-01 
2.115263e-01 
4.085531e-01 
5.495067e-01 
9.131470e-01 
9.640208e-01 
1.045515e+00 
1.248248e+00 
1.424702e+00 
1.184256e+00 
1.358230e+00 
1.255304e+00 
9.796914e-01 
9.678785e-01 
6.754455e-01 
6.866058e-01 
2.177660e-01 
-1.099393e-02 
-1.345073e-01 
-5.105008e-01 
-8.841411e-01 
-9.552216e-01 
-1.267335e+00 
-1.335443e+00 
-1.514377e+00 
-1.586411e+00 
-1.719271e+00 
-1.634199e+00 
-1.566646e+00 
-1.257027e+00 
-1.230381e+00 
-1.182701e+00 
-5.735752e-01 
-4.914287e-01 
-1.774221e-01 
2.331979e-01 
6.922914e-01 
8.806852e-01 
1.262592e+00 
1.471940e+00 
1.635007e+00 
1.930761e+00 
2.081889e+00 
1.995290e+00 
2.056004e+00 
2.067132e+00 
1.717639e+00 
1.550087e+00 
1.428401e+00 
8.336144e-01 
6.660147e-01 
1.469488e-02 
-3.902652e-01 
-8.334922e-01 
-1.315606e+00 
-1.737227e+00 
-1.926908e+00 
-2.049689e+00 
-2.234123e+00 
-2.271451e+00 
-2.398572e+00 
-2.527346e+00 
-2.307774e+00 
-1.952622e+00 
-1.869202e+00 
-1.603303e+00 
-1.041204e+00 
-5.969108e-01 
-2.031109e-01 
4.289558e-01 
6.740428e-01 
1.293883e+00 
1.876124e+00 
2.109732e+00 
2.667266e+00 
2.785341e+00 
2.794655e+00 
3.072937e+00 
3.185765e+00 
2.779626e+00 
2.603774e+00 
2.453168e+00 
1.888429e+00 
9.610835e-01 
-6.461029e-01 
-4.066770e+00 
-6.017705e+00 
-3.367082e+00 
-1.519003e+00 
-7.512440e-01 
-6.469510e-01 
-8.601779e-01 
-5.875383e-01 
-8.089052e-01 
-6.046123e-01 
-3.557725e-01 
-3.615593e-01 
-4.073461e-01 
-1.395959e-02 
-6.230622e-02 
2.683138e-01 
2.357540e-01 
4.223674e-01 
6.727010e-01 
8.079947e-01 
6.157684e-01 
8.892020e-01 
9.280091e-01 
9.872296e-01 
9.072767e-01 
7.852571e-01 
7.503441e-01 
5.543977e-01 
6.241113e-01 
3.250649e-01 
9.961163e-02 
3.940496e-02 
-1.220417e-01 
-3.767952e-01 
-7.067154e-01 
-6.832491e-01 
-9.289561e-01 
-8.694166e-01 
-1.098224e+00 
-1.291371e+00 
-1.128031e+00 
-1.070765e+00 
-1.051846e+00 
-9.420995e-01 
-9.096666e-01 
-5.762003e-01 
-5.255005e-01 
-2.935607e-01 
1.333923e-02 
1.966460e-01 
3.536728e-01 
7.537997e-01 
8.519868e-01 
1.171827e+00 
1.117868e+00 
1.392255e+00 
1.531809e+00 
1.393636e+00 
1.351950e+00 
1.488818e+00 
1.117958e+00 
1.108832e+00 
9.590859e-01 
5.358262e-01 
4.634731e-01 
-1.205335e-01 
-1.067336e-01 
-6.625204e-01 
-6.696741e-01 
-1.256621e+00 
-1.235348e+00 
-1.583042e+00 
-1.697350e+00 
-1.823311e+00 
-1.661132e+00 
-1.924819e+00 
-1.623260e+00 
-1.624674e+00 
-1.425468e+00 
-1.201508e+00 
-8.223822e-01 
-4.349892e-01 
-1.393293e-01 
1.225308e-01 
6.797642e-01 
1.048365e+00 
1.294199e+00 
1.574579e+00 
1.940127e+00 
2.032494e+00 
2.285895e+00 
2.333636e+00 
2.261377e+00 
2.256638e+00 
2.040866e+00 
1.789720e+00 
1.372581e+00 
1.096142e+00 
5.835020e-01 
9.908780e-03 
-5.956713e-01 
-1.333652e+00 
-1.946512e+00 
-2.081360e+00 
-2.098068e+00 
-2.274156e+00 
-2.172930e+00 
-2.328604e+00 
-2.266552e+00 
-2.372226e+00 
-2.099141e+00 
-1.959442e+00 
-1.606023e+00 
-1.384543e+00 
-7.678970e-01 
-5.880239e-01 
6.577593e-02 
5.232161e-01 
9.599565e-01 
1.465377e+00 
1.810718e+00 
2.242465e+00 
2.622273e+00 
2.828901e+00 
2.878629e+00 
2.928150e+00 
2.927465e+00 
2.615540e+00 
2.545968e+00 
1.993915e+00 
1.619463e+00 
7.165367e-01 
-1.045610e+00 
-4.024337e+00 
-5.264032e+00 
-3.087495e+00 
-1.573630e+00 
-9.671105e-01 
-9.373643e-01 
-9.065847e-01 
-1.064772e+00 
-8.858523e-01 
-6.827993e-01 
-7.951996e-01 
-3.896666e-01 
-3.754534e-01 
-2.608269e-01 
1.262797e-01 
1.114465e-01 
4.662000e-01 
6.981869e-01 
6.847206e-01 
1.010634e+00 
1.062955e+00 
1.005895e+00 
1.337182e+00 
1.254876e+00 
1.070297e+00 
1.231377e+00 
8.653513e-01 
8.612650e-01 
7.467654e-01 
5.495790e-01 
2.380525e-01 
-7.008746e-02 
-2.346342e-01 
-5.624877e-01 
-6.569547e-01 
-1.003075e+00 
-1.116016e+00 
-1.400816e+00 
-1.510990e+00 
-1.382818e+00 
-1.541338e+00 
-1.652546e+00 
-1.385406e+00 
-1.252067e+00 
-1.065421e+00 
-1.054435e+00 
-6.428282e-01 
-2.923351e-01 
-8.440184e-02 
3.478715e-01 
5.390318e-01 
8.139121e-01 
1.234166e+00 
1.372687e+00 
1.743481e+00 
1.731301e+00 
2.008089e+00 
1.899837e+00 
1.848484e+00 
1.775272e+00 
1.739786e+00 
1.512853e+00 
1.100547e+00 
7.691474e-01 
5.805143e-01 
7.747836e-03 
-3.370056e-01 
-7.087859e-01 
-1.268006e+00 
-1.568387e+00 
-1.634348e+00 
-2.060929e+00 
-2.075570e+00 
-2.479591e+00 
-2.351052e+00 
-2.258793e+00 
-2.203640e+00 
-1.966421e+00 
-1.833416e+00 
-1.496896e+00 
-9.927303e-01 
-6.976106e-01 
-5.608412e-02 
3.288760e-01 
7.616896e-01 
1.213183e+00 
1.873564e+00 
1.996965e+00 
2.562019e+00 
2.687821e+00 
2.915069e+00 
2.865830e+00 
2.974318e+00 
2.803839e+00 
2.538607e+00 
2.226762e+00 
1.947476e+00 
1.071577e+00 
-4.231297e-01 
-2.849043e+00 
-5.584765e+00 
-3.935668e+00 
-1.799989e+00 
-1.018430e+00 
-1.039924e+00 
-8.714180e-01 
-9.689850e-01 
-9.082055e-01 
-8.057725e-01 
-6.908595e-01 
-4.832598e-01 
-4.411133e-01 
-2.479335e-01 
5.937981e-02 
1.930999e-01 
3.895067e-01 
4.498403e-01 
6.612072e-01 
8.967075e-01 
1.076755e+00 
1.040109e+00 
1.142222e+00 
1.175990e+00 
1.059963e+00 
1.221044e+00 
1.005018e+00 
8.140315e-01 
7.587052e-01 
5.519321e-01 
2.706123e-01 
1.232991e-01 
-1.671143e-01 
-4.935211e-01 
-6.865414e-01 
-9.132818e-01 
-9.443622e-01 
-1.175649e+00 
-1.351277e+00 
-1.480004e+00 
-1.550798e+00 
-1.442419e+00 
-1.491146e+00 
-1.200287e+00 
-1.142814e+00 
-9.836876e-01 
-7.408413e-01 
-4.126216e-01 
-1.737501e-02 
7.613840e-02 
4.415119e-01 
8.843255e-01 
1.036026e+00 
1.180413e+00 
1.617280e+00 
1.592621e+00 
1.766722e+00 
1.863716e+00 
2.011950e+00 
1.762458e+00 
1.666972e+00 
1.418799e+00 
1.234840e+00 
7.965405e-01 
6.787341e-01 
1.582410e-01 
-2.032057e-01 
-6.320926e-01 
-9.696597e-01 
-1.423840e+00 
-1.606908e+00 
-1.863075e+00 
-1.983789e+00 
-2.156157e+00 
-2.251211e+00 
-2.327299e+00 
-2.164007e+00 
-2.116374e+00 
-1.856882e+00 
-1.411189e+00 
-1.265577e+00 
-6.864503e-01 
-3.149239e-01 
3.445612e-02 
6.810696e-01 
1.050910e+00 
1.647984e+00 
1.806838e+00 
2.298172e+00 
2.668807e+00 
2.706055e+00 
2.892889e+00 
2.872411e+00 
2.790279e+00 
2.605253e+00 
2.395268e+00 
1.819909e+00 
1.431736e+00 
3.448833e-01 
-1.264910e+00 
-3.937977e+00 
-4.835606e+00 
-2.869975e+00 
-1.451563e+00 
-1.282564e+00 
-1.089431e+00 
-1.131752e+00 
-1.094485e+00 
-8.959792e-01 
-1.052926e+00 
-7.727667e-01 
-5.164070e-01 
-4.444672e-01 
-1.108740e-01 
-1.025396e-02 
2.924328e-01 
3.913196e-01 
7.320665e-01 
9.696336e-01 
1.061747e+00 
1.125308e+00 
1.509695e+00 
1.301523e+00 
1.318390e+00 
1.475050e+00 
1.264398e+00 
1.258785e+00 
8.225521e-01 
9.168125e-01 
4.727262e-01 
3.991330e-01 
-1.961136e-01 
-3.037604e-01 
-5.334740e-01 
-8.977343e-01 
-1.099228e+00 
-1.324442e+00 
-1.463789e+00 
-1.685410e+00 
-1.690958e+00 
-1.915885e+00 
-1.664739e+00 
-1.587600e+00 
-1.458187e+00 
-1.385468e+00 
-1.080682e+00 
-7.790755e-01 
-3.908558e-01 
9.563082e-02 
3.322443e-01 
6.236112e-01 
1.090765e+00 
1.307219e+00 
1.567600e+00 
1.922734e+00 
2.084481e+00 
2.118709e+00 
2.312730e+00 
2.199851e+00 
1.963665e+00 
2.071693e+00 
1.501167e+00 
1.478034e+00 
8.538682e-01 
5.362685e-01 
-8.151401e-03 
-8.539382e-01 
-1.207085e+00 
-1.727053e+00 
-1.917147e+00 
-2.010341e+00 
-2.214569e+00 
-2.382103e+00 
-2.412118e+00 
-2.341719e+00 
-2.248840e+00 
-2.193068e+00 
-2.075229e+00 
-1.744083e+00 
-1.255290e+00 
-7.857506e-01 
-5.760841e-01 
1.181291e-01 
6.068093e-01 
9.054097e-01 
1.489797e+00 
1.895758e+00 
2.489365e+00 
2.604340e+00 
2.740555e+00 
3.098422e+00 
2.992491e+00 
3.003045e+00 
2.662567e+00 
2.583821e+00 
2.042389e+00 
1.688763e+00 
5.370770e-01 
-1.798996e+00 
-5.193431e+00 
-5.197100e+00 
-2.548496e+00 
-1.082850e+00 
-8.057907e-01 
-7.525311e-01 
-8.978248e-01 
-6.058052e-01 
-7.873788e-01 
-6.624658e-01 
-5.146594e-01 
-3.035462e-01 
-2.878863e-01 
-1.018131e-01 
8.818690e-02 
3.521137e-01 
4.314139e-01 
4.621608e-01 
7.433210e-01 
7.700614e-01 
8.870084e-01 
1.036022e+00 
8.377227e-01 
1.014876e+00 
1.035337e+00 
8.857973e-01 
8.127444e-01 
6.578314e-01 
4.394050e-01 
3.062251e-01 
1.401519e-01 
-1.494348e-01 
-2.650149e-01 
-4.028684e-01 
-7.334087e-01 
-8.105624e-01 
-1.098956e+00 
-1.022930e+00 
-1.284837e+00 
-1.111704e+00 
-1.314438e+00 
-1.260892e+00 
-1.185693e+00 
-9.484266e-01 
-8.557870e-01 
-5.708740e-01 
-5.897608e-01 
-1.188544e-01 
9.197231e-02 
1.971391e-01 
5.943726e-01 
7.996663e-01 
1.048887e+00 
1.292861e+00 
1.411381e+00 
1.441762e+00 
1.622143e+00 
1.585623e+00 
1.407657e+00 
1.575351e+00 
1.235939e+00 
1.028879e+00 
8.270663e-01 
6.807066e-01 
2.710401e-01 
-8.730651e-02 
-3.930933e-01 
-6.350802e-01 
-1.061821e+00 
-1.117035e+00 
-1.582868e+00 
-1.697796e+00 
-1.934377e+00 
-1.935091e+00 
-1.954978e+00 
-1.884453e+00 
-1.941654e+00 
-1.559268e+00 
-1.468202e+00 
-1.144656e+00 
-6.438761e-01 
-6.123496e-01 
3.000358e-02 
3.757904e-01 
8.586040e-01 
1.171131e+00 
1.539652e+00 
1.925199e+00 
2.117980e+00 
2.303861e+00 
2.392636e+00 
2.432237e+00 
2.541631e+00 
2.312266e+00 
1.997113e+00 
1.984521e+00 
1.310895e+00 
1.042596e+00 
2.083025e-01 
-5.035575e-01 
-1.450091e+00 
-2.565845e+00 
-2.603920e+00 
-2.421581e+00 
-1.954282e+00 
-2.096237e+00 
-1.890258e+00 
-2.129112e+00 
-1.972100e+00 
-1.850954e+00 
-1.776501e+00 
-1.379775e+00 
-1.064163e+00 
-8.715229e-01 
-2.645432e-01 
-7.474986e-02 
4.589702e-01 
9.436439e-01 
1.318031e+00 
1.479652e+00 
2.093959e+00 
2.090254e+00 
2.405515e+00 
2.596356e+00 
2.540090e+00 
2.571551e+00 
2.262599e+00 
2.286207e+00 
1.759401e+00 
1.460815e+00 
8.754091e-01 
1.573961e-01 
-9.757040e-01 
-2.262158e+00 
-2.954652e+00 
-2.910374e+00 
-2.043822e+00 
-1.968050e+00 
-1.839797e+00 
-1.708031e+00 
-1.872752e+00 
-1.870160e+00 
-1.586741e+00 
-1.376708e+00 
-1.331715e+00 
-9.052756e-01 
-3.995360e-01 
-2.630494e-01 
2.963306e-01 
4.872842e-01 
9.719579e-01 
1.326345e+00 
1.717552e+00 
1.836200e+00 
2.056501e+00 
2.420522e+00 
2.301156e+00 
2.408277e+00 
2.226638e+00 
2.020246e+00 
1.818687e+00 
1.462168e+00 
1.287588e+00 
6.088754e-01 
9.569558e-02 
-7.982312e-01 
-1.410552e+00 
-2.045066e+00 
-2.231980e+00 
-2.331788e+00 
-2.052629e+00 
-2.206650e+00 
-2.242944e+00 
-2.359032e+00 
-2.066567e+00 
-2.047074e+00 
-1.976342e+00 
-1.563336e+00 
-1.221030e+00 
-8.010769e-01 
-4.220305e-01 
9.507613e-02 
4.329296e-01 
1.037603e+00 
1.444471e+00 
1.779191e+00 
2.310112e+00 
2.511160e+00 
2.695308e+00 
2.832143e+00 
2.840631e+00 
2.728085e+00 
2.722026e+00 
2.244728e+00 
2.056475e+00 
1.443469e+00 
7.470298e-01 
-6.842900e-01 
-3.395370e+00 
-4.842045e+00 
-3.267035e+00 
-1.677303e+00 
-1.383264e+00 
-1.182404e+00 
-1.086791e+00 
-1.138699e+00 
-1.071226e+00 
-1.041893e+00 
-8.115267e-01 
-7.259936e-01 
-3.783939e-01 
-2.733540e-01 
-1.160408e-01 
2.045793e-01 
4.818128e-01 
7.646264e-01 
8.630201e-01 
9.830672e-01 
1.285181e+00 
1.283082e+00 
1.560362e+00 
1.302810e+00 
1.549264e+00 
1.440264e+00 
1.098372e+00 
1.128832e+00 
9.394992e-01 
4.958262e-01 
4.226464e-01 
1.078132e-01 
-2.836335e-01 
