   6.2519036e-01   0.0000000e+00
   1.8322726e-01  -8.4704497e-01
  -1.0297675e+00   1.3158049e-01
   9.4922183e-01  -9.8912426e-01
   3.0706192e-01   6.8035623e-01
   1.3517494e-01   4.9201986e-01
   5.1524634e-01   4.9645374e-01
   2.6140632e-01  -8.7956395e-02
  -9.4148577e-01   3.5539197e-01
  -1.6233767e-01  -4.2042621e-01
  -1.4605463e-01   3.3186616e-01
  -5.3201138e-01   1.9505122e-01
   1.6821036e+00   1.8293852e-01
  -8.7572935e-01   7.7508286e-01
  -4.8381505e-01  -5.1146540e-01
  -7.1200455e-01   2.6197918e-01
  -1.1742123e+00  -1.4178300e+00
  -1.9223952e-01  -8.3939937e-01
  -2.7407023e-01  -7.3141698e-01
   1.5300725e+00  -3.2832752e-01
  -2.4902474e-01   1.0893759e+00
  -1.0642134e+00   2.8835120e-01
   1.6034573e+00  -1.0395785e+00
   1.2346791e+00   5.6619369e-01
  -2.2962645e-01   6.8585201e-01
  -1.5061597e+00  -2.6074491e-01
  -4.4462782e-01  -6.0217057e-01
  -1.5594104e-01  -2.2348437e-02
   2.7606825e-01  -5.4295130e-01
  -2.6116365e-01   4.9618994e-02
   4.4342191e-01  -1.1966291e+00
   3.9189421e-01   7.9439181e-01
  -1.2506789e+00  -1.1859828e-01
  -9.4796092e-01  -1.2272644e+00
  -7.4110609e-01  -6.0095280e-01
  -5.0781755e-01  -1.0848765e+00
  -3.2057551e-01  -2.6433758e-01
   1.2469041e-02  -4.4062025e-01
  -3.0291773e+00   1.0951239e+00
  -4.5701464e-01  -9.4535598e-01
   1.2424484e+00  -1.4769506e+00
  -1.0667014e+00   8.4188767e-01
   9.3372816e-01  -1.2324196e+00
   3.5032100e-01   3.3933649e-01
  -2.9005764e-02   2.5736254e-01
   1.8245217e-01   3.5936413e-01
  -1.5650560e+00  -4.5297391e-02
  -8.4539480e-02   5.6220662e-03
   1.6039464e+00  -2.8273832e-01
   9.8347775e-02   9.6572924e-01
   4.1373613e-02   3.8154095e-01
  -7.3416911e-01   6.3281103e-02
  -3.0813730e-02   7.3391836e-02
   2.3234701e-01   1.4619970e-01
   4.2638756e-01  -2.7589959e-01
  -3.7280874e-01  -6.8949290e-01
  -2.3645458e-01   7.4289210e-01
   2.0236909e+00  -4.2049234e-01
  -2.2583540e+00   1.0635253e+00
   2.2294457e+00  -8.4759351e-01
   3.3756370e-01   1.1715213e+00
   1.0000608e+00  -2.8358126e-01
  -1.6641645e+00   2.6617312e-01
  -5.9003456e-01  -8.9452721e-01
  -2.7806416e-01   4.4446196e-01
   4.2271569e-01  -5.6943993e-01
  -1.6702007e+00   6.0369208e-01
   4.7163433e-01  -6.8078878e-01
  -1.2128472e+00   1.1888714e-01
   6.6190048e-02  -1.1349100e+00
   6.5235589e-01  -1.0897545e-01
   3.2705997e-01   2.8283280e-01
   1.0826335e+00  -5.7116755e-01
   1.0060771e+00   6.3740787e-01
  -6.5090774e-01   9.1891917e-02
   2.5705616e-01  -3.7257416e-01
  -9.4437781e-01   2.9663475e-01
  -1.3217885e+00  -9.2451593e-01
   9.2482593e-01  -8.0502244e-01
   4.9849075e-05   6.3744435e-01
  -5.4918915e-02  -9.1790465e-01
   9.1112727e-01   4.9052850e-01
   5.9458370e-01   1.6677942e+00
   3.5020117e-01   7.7699210e-01
   1.2502512e+00   1.7214589e-02
   9.2978946e-01   8.3943695e-01
   2.3976326e-01  -5.3097660e-02
  -6.9036110e-01   1.0588144e+00
  -6.5155364e-01   1.2517165e-01
   1.1921019e+00   6.7896069e-02
  -1.6118304e+00   1.5811380e-01
  -2.4461937e-02  -6.4594063e-01
  -1.9488472e+00  -2.9137811e-01
   1.0204980e+00  -1.1301383e+00
   8.6171630e-01   2.2524405e-01
   1.1620835e-03  -8.2008657e-02
  -7.0837213e-02  -4.5379175e-01
  -2.4862839e+00  -1.4036727e-01
   5.8117232e-01  -2.0925740e+00
  -2.1924349e+00   5.9438645e-01
