# Two random columns of data in [0..1) each
 2.97438473e-01 1.58412125e-01
 3.72029104e-02 7.49930621e-01
 4.30819357e-01 4.23417397e-01
 7.97779947e-01 6.03768627e-01
 7.99851467e-01 6.18178778e-01
 6.79262973e-01 4.58671927e-01
 2.19179118e-01 7.52640756e-01
 8.69028746e-01 5.55127149e-01
 4.95573371e-01 9.17698117e-01
 3.65410471e-02 7.41882441e-01
 4.99400725e-01 7.66102608e-01
 3.83711267e-01 3.69126589e-01
 2.25310664e-01 3.81136193e-01
 4.66779542e-02 6.02754876e-01
 5.64810124e-01 2.78897049e-02
 2.34096003e-01 6.39260211e-01
 4.45406088e-01 2.10779315e-01
 4.97614746e-01 3.43659822e-01
 9.01617106e-01 9.91553667e-01
 3.23348949e-01 2.26640679e-01
 2.18207895e-01 9.97667957e-01
 7.21565704e-01 8.65224317e-01
 1.27455726e-01 3.11970653e-01
 9.46783127e-02 1.39482164e-02
 8.99538193e-01 4.27196114e-01
 3.79890132e-02 8.97539827e-01
 7.58412446e-01 4.06769446e-01
 2.91304870e-01 6.68121357e-02
 5.12840376e-02 6.12895302e-01
 4.14169109e-01 3.53119684e-01
 4.28060670e-01 9.38421980e-01
 9.17852182e-01 6.64605696e-01
 4.87053472e-02 4.71119610e-01
 3.06160205e-01 9.73146352e-01
 7.92543586e-01 1.32660770e-01
 1.86903840e-01 5.54670008e-01
 8.55461314e-01 5.29412499e-01
 1.97471820e-01 1.28456697e-02
 9.72789101e-01 3.93822311e-01
 3.40415343e-01 1.31327323e-01
 5.08178553e-01 5.85366398e-01
 3.37706007e-01 3.59908751e-01
 4.26277899e-01 8.20579569e-01
 9.81526236e-01 9.60651698e-01
 4.44402720e-01 4.87844542e-01
 7.20862966e-01 3.17865107e-01
 2.79135596e-01 5.02437740e-01
 5.01882241e-01 8.07571772e-01
 7.45972394e-01 4.42418470e-01
 4.54712449e-01 7.17039314e-01
 1.20002566e-01 7.47402256e-01
 8.58420842e-01 8.63039118e-01
 8.01938195e-01 8.70292357e-01
 5.73265898e-02 2.10006397e-01
 8.86285753e-01 4.41279651e-02
 8.25044314e-01 3.02042870e-01
 2.82520927e-01 1.96921453e-01
 4.61823514e-01 5.17017614e-01
 3.58732495e-01 6.07105914e-01
 6.40901770e-01 6.34162943e-01
 8.10298521e-01 1.37056630e-01
 4.33545225e-01 7.72742869e-01
 3.62800629e-01 6.02897973e-01
 5.22841438e-01 9.56206194e-01
 6.76470051e-01 2.87332055e-01
 7.40666561e-01 5.09151010e-01
 8.85460763e-01 1.90745898e-01
 3.62212312e-01 7.51005324e-01
 4.35307285e-01 2.82195743e-01
 1.97879357e-01 9.84036706e-01
 3.85344465e-01 7.39825477e-01
 9.00670240e-01 3.50075996e-02
 3.15904351e-01 8.27564841e-01
 1.93555523e-01 1.40137329e-01
 8.83440915e-01 4.13104860e-03
 5.40570655e-01 6.38052213e-01
 5.70527233e-01 5.45707801e-01
 5.03140483e-01 9.50877037e-01
 1.35131457e-01 3.93767756e-01
 5.94381155e-01 1.89975160e-01
 4.40870869e-01 5.83211689e-01
 4.65753023e-01 6.84922808e-01
 1.56774731e-01 1.10059823e-01
 4.64729101e-01 5.06222876e-01
 3.45520931e-01 9.54044653e-01
 8.80085086e-01 9.88522820e-02
 1.45759954e-02 6.92151873e-01
 7.69071232e-01 4.37694643e-01
 3.57290123e-02 2.24159840e-01
 2.56854286e-01 6.04256315e-01
 9.70666466e-01 6.25271212e-01
 8.00821941e-01 4.72962085e-01
 5.24323114e-01 3.38305008e-02
 6.99753040e-01 5.41193311e-01
 3.41547201e-01 8.29153336e-01
 5.80811812e-01 8.06988801e-01
 6.00796551e-01 3.00294661e-01
 6.65967604e-01 4.28614157e-01
 4.84527050e-01 3.80722109e-01
 6.22246721e-01 7.79278634e-01
 6.04500446e-01 5.82712467e-02
 4.51673118e-01 5.53073236e-01
 9.77597147e-01 2.41104210e-01
 4.17919786e-01 4.61698789e-01
 6.09378387e-01 2.65417848e-01
 3.32756235e-02 1.70964182e-01
 4.54719001e-01 1.31526335e-01
 5.62874414e-01 4.18955817e-01
 7.61944490e-01 6.75175696e-01
 5.19984435e-01 4.24080865e-01
 7.73681193e-01 6.44859368e-01
 8.87905791e-01 3.87205831e-01
 7.24836221e-01 2.80423855e-01
 8.48586246e-01 3.86254529e-02
 4.63697208e-01 1.35886387e-01
 8.39044905e-01 6.73828063e-01
 4.18906029e-01 1.01770250e-01
 1.98435922e-01 8.78532121e-01
 6.47473148e-01 1.52778366e-01
 6.46801599e-01 4.94288649e-02
 9.57307217e-01 7.76501445e-01
 9.31952069e-01 5.71189766e-01
 7.23138380e-03 2.39362884e-01
 4.08334013e-01 5.07434392e-01
 3.00591754e-01 8.03678937e-01
 6.03279316e-01 1.88117690e-01
 3.03815529e-01 6.87838911e-01
 1.38108371e-01 6.56613200e-01
 7.88428883e-01 6.57204315e-01
 6.82384407e-01 5.70675112e-01
 7.81839405e-02 1.54994155e-01
 2.56516641e-01 1.10809165e-01
 9.38370851e-02 7.27061481e-01
 1.56003585e-01 3.61221615e-01
 2.44115092e-01 5.00040549e-01
 2.39895811e-01 6.28627618e-01
 6.93203216e-01 7.97117278e-01
 8.83510824e-01 6.01324066e-01
 4.25133039e-01 8.74916412e-01
 1.80461416e-01 9.34346829e-01
 5.52632598e-01 8.29486157e-01
 2.12817046e-01 3.77596020e-01
 2.91731998e-01 5.70196665e-01
 3.87226016e-01 2.34056579e-02
 7.16919314e-01 4.86563188e-01
 2.54395014e-01 6.76160685e-01
 5.08012777e-01 6.78778250e-01
 9.54995101e-01 1.98504921e-01
 1.95581031e-01 8.73804764e-01
 7.91993717e-01 3.59491004e-01
 3.84585397e-01 1.61547487e-02
 2.60489973e-02 4.11024042e-01
 3.42118780e-01 6.77529335e-01
 7.98161941e-02 1.10271404e-01
 9.88985927e-02 6.88259306e-01
 1.54802200e-01 1.70485849e-01
 2.77627302e-01 8.14759462e-01
 4.75834115e-01 9.93808268e-01
 9.67459114e-01 2.88076048e-01
 9.93082521e-01 1.79253088e-01
 1.04305550e-01 3.84400638e-01
 5.27344555e-01 6.96088478e-01
 9.45907754e-01 8.90400949e-01
 3.04849243e-01 3.02092236e-01
 6.64963133e-01 3.13130901e-01
 4.56496175e-01 2.40700182e-01
 7.96044408e-01 7.13261871e-01
 6.18051996e-02 2.78530951e-01
 5.32715742e-01 4.12403648e-01
 2.34914021e-01 4.55455357e-01
 6.32009455e-01 7.94643108e-01
 8.24775541e-01 9.77146791e-01
 8.66715073e-01 3.45120821e-01
 7.19730085e-01 7.67405455e-01
 4.35424790e-01 7.89045534e-01
 3.57929909e-01 7.65009808e-01
 8.45666850e-01 6.82484704e-01
 6.62901877e-01 5.42474665e-01
 1.37617835e-01 2.41037134e-01
 7.90724297e-02 2.93764756e-01
 2.37254304e-01 6.15779409e-01
 9.00056218e-01 7.20005409e-01
 9.29186669e-01 1.09679460e-01
 4.89800846e-01 9.50989341e-01
 5.64092923e-01 8.16472535e-01
 9.41458777e-01 1.25384900e-01
 2.12199609e-02 7.18435959e-02
 5.36921594e-01 8.02753481e-01
 9.19577035e-01 5.68946550e-01
 9.26696006e-01 2.91392131e-01
 5.60274101e-01 7.15128909e-01
 6.39503620e-01 5.86071322e-01
 9.31188501e-01 9.12532222e-01
 1.94778273e-01 9.61506354e-01
 3.80679355e-01 7.65143328e-02
 3.51673208e-01 9.25363282e-02
 6.23282163e-01 6.66308339e-01
 3.38331589e-01 8.80145374e-01
 7.60007713e-01 4.97376514e-01
 8.38768253e-02 7.76780988e-01
 1.54311545e-01 5.99727273e-01
 7.61732919e-01 4.86922958e-01
 2.80923359e-02 1.85743185e-01
 6.85014164e-01 8.26176817e-02
 1.89679303e-02 5.85859926e-01
 6.41667396e-01 8.93561693e-01
 4.98163482e-01 6.82752310e-01
 8.59966723e-01 8.93860223e-01
 8.69622538e-01 6.44105912e-01
 7.22032752e-01 7.57697813e-02
 3.98835942e-01 4.08539475e-01
 6.78544908e-02 3.33988666e-01
 5.97261054e-01 2.92674911e-01
 7.02930622e-01 6.95972254e-01
 8.96004749e-01 5.15614847e-01
 9.02811605e-02 1.15020265e-01
 1.45507526e-01 2.25797574e-01
 9.58438516e-01 9.23066868e-01
 3.81558733e-01 9.21891862e-01
 1.37722067e-01 1.78685524e-01
 5.04517886e-01 6.06439731e-01
 6.47587172e-01 6.71565209e-01
 4.06652170e-01 1.60006516e-02
 6.37755431e-01 1.08716430e-01
 8.32425439e-02 1.54607620e-02
 5.19477816e-01 3.99428451e-01
 3.37884405e-01 6.61199901e-02
 6.52598360e-01 2.94548151e-01
 5.45279456e-01 8.92455712e-01
 7.56615466e-01 8.69134333e-01
 7.67031453e-01 2.35808953e-01
 3.17986982e-02 5.30810657e-01
 5.83503890e-01 4.89483986e-01
 5.72300189e-01 7.57186862e-01
 2.39394760e-01 7.74010031e-01
 2.78011718e-01 8.39731992e-01
 1.42966712e-01 6.79492838e-01
 4.95579043e-01 2.48529960e-01
 2.34104683e-01 6.25843005e-01
 9.80969763e-01 5.16328017e-02
 6.76134272e-02 8.95830675e-01
 5.12464010e-01 1.84848667e-02
 3.73608772e-01 6.44637715e-01
 3.03098895e-01 8.18995626e-01
 9.96044432e-01 6.88813948e-01
 4.96697336e-01 1.66148227e-01
 3.13385488e-01 6.20304573e-01
 3.45189097e-02 6.64531057e-01
 3.45397905e-01 4.27888411e-01
 8.40711984e-01 9.41652631e-01
 7.79311127e-01 1.69751043e-01
 7.71386610e-01 8.41070338e-01
 1.91362908e-01 7.09486613e-02
 9.37850166e-01 5.38032474e-03
 9.17014790e-01 1.59717129e-01
 1.31808786e-01 4.43828087e-01
 5.96728737e-01 8.22695915e-01
 2.91411283e-01 9.58533668e-01
 6.22260102e-01 5.80836089e-01
 7.48646802e-02 4.88238466e-01
 4.67385143e-01 5.23321643e-01
 1.62716431e-01 9.40073956e-01
 5.11751909e-01 3.60933877e-01
 6.47365142e-01 6.69684565e-01
 1.22386957e-01 4.30241735e-01
 3.45989190e-01 5.92759459e-01
 2.82549888e-01 7.20232091e-01
 1.21170788e-01 4.10579686e-01
 1.40789883e-01 9.29060802e-01
 2.04064619e-02 2.80104206e-01
 4.40247761e-01 9.36742923e-01
 5.55399035e-01 2.00449642e-01
 3.20475523e-02 7.95311364e-01
 4.03608569e-01 4.70521212e-03
 2.97883402e-01 2.38583525e-01
 6.53656041e-01 9.83435042e-01
 9.37334357e-02 5.76377681e-01
 1.49814720e-01 6.08927249e-01
 2.54043091e-01 2.81961334e-01
 1.68489719e-01 5.74993803e-01
 9.61724137e-02 6.73398189e-01
 1.56519859e-01 6.65837734e-01
 9.46583981e-01 5.91972079e-01
 2.24958975e-01 5.44276392e-01
 8.35961841e-01 3.03194229e-01
 2.48541041e-01 6.43260964e-01
 2.69053939e-01 1.66152781e-01
 4.40145057e-02 1.70820794e-01
 2.97789769e-01 2.06843186e-01
 3.82048603e-01 2.17554625e-01
 2.19113115e-01 3.09944984e-01
 6.81329028e-01 9.64454681e-01
 9.81917751e-01 4.06859915e-01
 7.34139491e-01 1.90825324e-01
 4.67926025e-01 1.22040179e-01
 5.45629115e-01 3.00783870e-01
 2.63632585e-01 8.57786729e-01
 7.46502002e-01 8.19269151e-01
 9.36714976e-01 6.29329919e-01
 2.86427494e-01 1.89889881e-01
 1.18812459e-01 1.06443450e-01
 3.99174936e-01 3.58659783e-01
 7.56882217e-01 8.16424945e-01
 9.11012100e-01 3.47245497e-01
 4.36778135e-01 2.04882668e-01
 8.15579322e-02 4.12158177e-01
 1.64235675e-01 3.67735825e-01
 3.63256210e-01 6.38464689e-01
 1.63140500e-01 5.39322954e-01
 6.29619858e-01 3.62845310e-01
 5.19971839e-01 4.14958149e-02
 8.32252406e-01 1.97831257e-01
 5.80049399e-01 9.63204945e-01
 1.85930858e-01 3.88168143e-01
 3.30739888e-01 3.51055335e-01
 3.61413848e-01 5.45085176e-01
 6.29372687e-01 6.81791055e-01
 8.88982911e-01 4.01588694e-01
 4.70718504e-01 2.24522679e-01
 3.23867055e-01 6.17110060e-01
 8.64694257e-01 7.88629229e-02
 7.66228851e-01 6.67003349e-01
 6.88655188e-01 4.52903080e-01
 7.53601416e-01 4.43507998e-01
 6.36680045e-01 8.71170673e-01
 8.70986898e-01 2.71898801e-01
 1.23741277e-01 5.26062771e-02
 7.47086827e-01 2.09784192e-01
 9.38979765e-01 9.61146113e-01
 9.98894932e-01 5.34697242e-02
 1.96911013e-01 6.10725860e-02
 7.25045108e-02 6.35638831e-01
 5.56417337e-01 9.20890935e-02
 6.87406691e-01 9.68635235e-01
 2.55883006e-01 3.49877287e-01
 8.16336731e-01 7.99830405e-01
 3.72485416e-01 3.96117965e-01
 8.36317169e-01 7.78926998e-01
 8.19023849e-01 5.54844909e-01
 4.64363541e-01 7.11289184e-03
 9.84823943e-01 2.99311564e-01
 7.03021320e-01 5.76624662e-01
 1.42273547e-01 9.26237083e-01
 8.84737069e-01 1.58736244e-01
 7.52323811e-01 4.69764893e-01
 3.33474244e-01 7.57038565e-01
 4.31893170e-01 3.17636383e-01
 1.70050449e-01 1.10944731e-01
 9.91072854e-01 4.51628231e-01
 8.28480687e-01 8.47919339e-01
 9.24057479e-01 9.33858932e-01
 2.74888077e-01 7.91092718e-01
 8.81715270e-01 5.17867044e-01
 1.74093782e-01 9.18973775e-01
 5.96707660e-01 5.04891626e-01
 6.44151241e-01 9.80882892e-01
 4.74796643e-01 9.41773176e-01
 7.80510730e-01 9.72969256e-01
 7.97049506e-01 5.14922769e-01
 2.83785948e-01 1.19943440e-01
 3.15451773e-01 8.71629653e-01
 9.15581493e-01 2.35563424e-01
 8.18444614e-01 5.54214093e-01
 8.29077330e-01 9.72511377e-01
 7.96590839e-02 6.72935294e-01
 9.15444374e-01 4.55669935e-01
 3.57350549e-01 8.90121431e-01
 4.02017650e-01 8.67431214e-01
 1.48623088e-01 9.56273735e-01
 1.68485803e-01 4.92748164e-01
 1.75669323e-02 1.32788640e-01
 4.02753841e-01 8.60897270e-01
 3.53855906e-01 3.84063435e-01
 5.11829841e-01 6.71673370e-01
 9.16128244e-02 6.65063548e-01
 5.72727976e-01 4.75243322e-01
 8.24167876e-01 1.27061794e-01
 8.61314031e-01 4.18093796e-01
 2.70757974e-02 5.28002058e-01
 7.35437031e-02 3.57512292e-01
 6.87085152e-01 2.80911882e-01
 4.24357682e-01 4.92678660e-01
 8.64894012e-01 4.73957624e-01
 7.47774010e-01 1.14944809e-01
 5.33729483e-01 4.56211083e-01
 5.39974637e-01 4.13797081e-01
 9.56656572e-01 2.75856449e-01
 9.67901878e-01 2.99821591e-01
 5.75688916e-01 5.28288688e-01
 1.38735570e-01 9.64053708e-01
 9.97751186e-01 8.30423516e-01
 7.80391593e-01 4.34616163e-01
 5.79447552e-01 5.01908792e-02
 9.09989653e-01 2.09888825e-01
 7.69851482e-01 8.73070412e-01
 1.03318433e-01 9.93363349e-01
 9.21871096e-02 5.85796704e-01
 7.27514773e-01 9.79489264e-01
 8.60530242e-01 4.80691083e-02
 6.84782206e-01 4.74510360e-01
 5.94683192e-01 2.34120190e-01
 3.98188710e-02 1.43905748e-01
 5.80179878e-01 8.97657815e-01
 6.17634107e-01 7.76556167e-01
 8.95568447e-01 1.63893225e-01
 7.11559115e-01 3.74437893e-01
 5.33364187e-01 9.25641108e-01
 2.97577386e-01 1.22906347e-01
 8.51897804e-01 9.03817776e-02
 1.22476349e-01 6.91569446e-01
 1.53778380e-01 8.76571514e-01
 1.17692200e-01 4.97086511e-01
 7.41712873e-01 5.87738512e-01
 4.93871624e-01 8.14013077e-01
 8.61566432e-01 4.09568300e-01
 8.03251362e-01 1.45162700e-01
 5.03127893e-01 9.54821499e-01
 1.72619623e-01 4.85388020e-01
 7.68119530e-01 1.42216729e-01
 3.49903167e-01 9.24335627e-01
 6.07273147e-01 8.16117520e-01
 1.82017485e-01 9.20637072e-01
 5.37334093e-01 1.14880961e-01
 2.59816032e-01 4.63566132e-01
 8.84680429e-02 6.13220682e-01
 7.03154045e-01 6.63538733e-01
 1.44641683e-01 4.82341460e-02
 4.32068574e-01 2.16133936e-01
 6.98362119e-01 3.32117560e-01
 6.29095401e-01 8.99031922e-01
 5.10673112e-03 6.51111977e-01
 7.87538601e-01 2.92301574e-01
 7.75468609e-01 9.65684399e-01
 7.71918847e-02 3.20457524e-01
 8.82378989e-01 2.39391407e-01
 1.99670325e-01 4.39552297e-01
 4.68773823e-01 7.67821123e-01
 6.78403361e-01 1.27825169e-01
 8.22946120e-01 4.61263576e-01
 3.85209407e-02 1.80828468e-01
 3.45847929e-01 6.36824864e-01
 9.46275744e-01 3.50496731e-01
 7.65404251e-01 9.33011207e-01
 6.92625266e-01 7.86614343e-02
 8.56803294e-01 9.06444252e-01
 6.06581822e-01 1.81666922e-01
 2.81048384e-01 9.17691136e-01
 9.46762291e-03 5.54368089e-01
 3.44687873e-01 9.24745656e-02
 2.01634923e-01 3.24978978e-01
 9.64597907e-02 6.76620877e-01
 6.11215875e-02 5.92007633e-01
 1.45797387e-01 8.11545626e-01
 5.83649934e-01 5.57042206e-01
 7.51667723e-01 6.69824772e-01
 6.87154177e-01 3.74592443e-01
 8.18260263e-01 5.38759910e-01
 9.04917378e-01 4.68661402e-01
 3.19000996e-01 6.96449522e-01
 2.86579837e-02 1.97184735e-01
 7.12035485e-02 5.70138068e-01
 6.07510171e-02 2.58679671e-01
 9.59368834e-01 8.54092257e-01
 6.25912721e-01 4.79678861e-01
 5.87266354e-01 4.26332700e-01
 2.70955442e-01 6.55758907e-01
 4.42053277e-01 5.95999548e-02
 4.29967188e-01 2.84832887e-01
 7.18939951e-02 3.61941443e-01
 6.96136057e-01 2.00470720e-02
 5.41215397e-01 2.92080486e-01
 4.67044882e-01 3.25114635e-01
 9.64443090e-01 9.99675841e-01
 4.79147724e-01 7.16271119e-01
 8.80024566e-01 9.27920759e-01
 3.36323795e-01 5.85926840e-01
 5.58727222e-01 8.72056444e-01
 2.14733531e-01 1.85015982e-01
 6.87522112e-01 1.01923700e-01
 5.99006925e-01 1.06698773e-01
 6.23820562e-01 9.61744155e-01
 3.51385638e-01 3.87191705e-01
 3.50845655e-01 3.90012916e-01
 3.69953098e-01 7.77156358e-01
 7.33069696e-01 7.93247454e-01
 4.66275687e-01 6.23273632e-01
 8.31938652e-01 6.36952652e-01
 1.81011221e-01 7.94489709e-01
 3.91185368e-01 9.38943408e-03
 5.80068449e-01 2.68096443e-01
 6.53588252e-01 1.02339066e-01
 8.52196295e-01 4.49100550e-01
 1.67415457e-01 4.74519664e-01
 3.61536171e-03 7.09184449e-01
 4.97541872e-01 3.35998670e-01
 5.27436503e-01 6.16923375e-01
 8.21013874e-01 9.61442779e-01
 4.54252030e-01 3.86121827e-01
 4.46470690e-01 4.18319731e-01
 8.03255162e-01 9.03266541e-01
 2.37401607e-01 6.48366575e-01
 1.54124770e-01 3.44499920e-01
 3.70520129e-01 8.55162569e-01
 6.80955179e-02 1.12747113e-01
 4.47322624e-01 4.17095135e-01
 2.85588777e-01 1.18927294e-01
 2.57843126e-01 2.76968700e-01
 7.21286176e-01 9.92418313e-01
 1.34929162e-01 7.93843175e-01
 3.50946833e-01 8.21701221e-01
 2.16380638e-01 1.76680565e-01
 5.45826092e-02 9.45359623e-01
 1.66190048e-01 4.80985737e-01
 3.14429999e-01 5.77673964e-01
 2.10082533e-01 3.93028900e-01
 7.26165556e-01 2.07749067e-01
 5.71843261e-01 7.90703625e-01
 1.65531738e-01 1.37583087e-01
 8.56608571e-01 2.91811502e-01
 2.84353459e-01 7.95942498e-01
 8.25130954e-01 3.42942891e-01
 5.86103121e-01 4.57020852e-01
 9.54988977e-01 4.43414927e-01
 1.38172723e-02 7.32961744e-01
 8.04509308e-01 4.28628326e-01
 8.40406463e-01 9.87119634e-01
 2.37909907e-01 6.13015560e-01
 9.93549873e-01 9.84705219e-01
 5.96354627e-01 6.92076792e-01
 7.21248862e-01 5.04825788e-02
 4.09676952e-01 1.00267891e-01
 3.40342195e-01 1.10691141e-01
 9.65446969e-02 2.28112678e-01
 5.51570076e-02 3.21147504e-01
 7.88401010e-01 4.96262256e-01
 1.26393679e-01 6.86212890e-01
 5.95828495e-01 6.75748627e-02
 8.74551082e-01 5.96124129e-01
 5.81635615e-01 9.31660796e-01
 1.95357125e-01 6.59146235e-01
 4.92719954e-01 4.48424234e-01
 6.36997450e-01 6.39851722e-01
 9.22466038e-01 5.58900068e-01
 7.37427865e-02 8.95217794e-01
 2.77244721e-01 3.46038122e-02
 1.74777337e-01 1.00789442e-01
 8.97863883e-01 2.63399295e-01
 8.90652674e-01 7.46109258e-01
 7.78453182e-01 8.44152539e-01
 7.46652718e-02 5.57501062e-01
 1.22121629e-01 4.52386608e-01
 5.73726059e-01 9.18259275e-01
 9.56169680e-02 5.29320044e-01
 3.24322561e-03 5.13587630e-01
 4.56850067e-01 8.19259714e-01
 2.15840401e-02 1.15159470e-01
 7.11788418e-01 1.09576819e-01
 3.58468568e-01 5.47315896e-01
 9.06466201e-02 5.52310255e-01
 9.34924453e-01 3.61007144e-01
 8.06877126e-02 5.95018418e-02
 6.81450211e-01 4.93122475e-01
 5.76583395e-01 4.17097740e-01
 1.34129433e-01 6.00161172e-01
 6.42718463e-01 5.89380840e-01
 6.33017005e-01 3.81900221e-01
 5.81656813e-01 6.94288057e-01
 4.47262298e-01 6.78010612e-01
 2.06768441e-01 7.83256438e-01
 4.99767981e-01 7.22825617e-01
 9.09757424e-01 1.17549144e-02
 1.52399894e-01 7.99900935e-01
 3.85936092e-01 1.77661393e-02
 7.16353744e-01 6.17288455e-01
 3.85656527e-01 8.99050448e-01
 2.40021359e-01 9.21017338e-01
 5.75620906e-02 8.95334831e-01
 7.56165987e-01 3.15356859e-01
 3.72401552e-01 1.41491166e-01
 8.08046816e-01 4.85421529e-01
 9.25718859e-01 6.21908832e-01
 4.31323997e-02 5.06683413e-01
 8.82886171e-01 3.58408904e-01
 6.79402935e-01 3.59461248e-01
 6.25324882e-01 4.52833761e-01
 6.90297764e-01 6.12083331e-01
 6.49043986e-01 4.10490182e-01
 9.74049931e-01 3.40982402e-01
 2.37325163e-01 5.81766696e-01
 1.82809432e-01 8.23136501e-01
 2.35623805e-01 6.80933407e-01
 8.94119150e-01 8.77156618e-01
 5.46569667e-01 8.10637305e-01
 1.33164860e-01 7.76805358e-01
 6.85190056e-01 3.54179858e-01
 9.92713854e-01 1.30976870e-01
 5.99672312e-01 8.44372754e-02
 1.20421391e-01 8.26646746e-01
 2.64923597e-01 4.65124138e-01
 6.65843140e-01 4.39218856e-01
 8.60006544e-01 7.23374256e-01
 2.05138910e-01 5.95236729e-01
 8.09464294e-01 2.49005830e-01
 1.06130309e-01 5.43711579e-01
 7.64589606e-01 6.07760711e-01
 8.71270287e-02 7.29171468e-01
 3.70084456e-01 3.64664652e-01
 4.60581601e-01 2.02584253e-02
 6.25137607e-01 8.71588459e-02
 1.96658295e-01 7.13696246e-01
 9.42661155e-01 4.57195846e-01
 1.90975713e-01 1.05925539e-01
 1.91757878e-02 8.31157177e-02
 4.32740082e-01 7.96526328e-01
 7.97409058e-01 1.75277698e-01
 1.24445798e-01 6.15889026e-01
 3.71453138e-01 9.03861561e-01
 6.08117016e-01 2.69477712e-01
 4.92882872e-01 5.74812613e-01
 9.52035962e-01 3.34392114e-01
 8.23335332e-01 2.47890022e-01
 9.82027719e-01 3.46997536e-01
 5.01317232e-02 2.60833707e-01
 1.21382483e-01 7.04753051e-02
 7.71281099e-01 3.01347947e-01
 6.90803469e-01 5.53417279e-01
 2.87167833e-01 4.10772183e-01
 8.90751999e-01 7.98937300e-01
 3.33705386e-01 8.70039573e-01
 8.49655942e-01 2.75793998e-01
 1.25098499e-01 7.74739479e-01
 5.71189623e-01 5.15061661e-01
 4.75951328e-01 6.77659975e-02
 6.84080641e-02 5.56033819e-01
 6.16953185e-02 1.10624378e-01
 8.46951651e-01 1.54305516e-01
 2.84579303e-01 7.78724116e-02
 6.46258498e-01 9.47973499e-01
 7.02209970e-01 7.63976883e-01
 6.19263039e-01 1.47604993e-02
 2.93820115e-01 4.84066210e-01
 2.83138733e-01 5.53018475e-01
 4.84841095e-01 5.33752439e-01
 7.20994067e-01 1.07072370e-01
 1.61049353e-02 9.75307281e-01
 7.06946699e-01 9.47974138e-01
 2.42461322e-02 3.47427416e-01
 2.98023364e-01 3.00278586e-01
 5.98575858e-01 2.39759970e-01
 5.15878574e-01 4.28850541e-01
 7.35613649e-01 5.24928889e-01
 5.39367832e-01 1.48718161e-01
 6.52743796e-01 7.71962486e-01
 5.60586757e-02 6.81081050e-01
 1.56388228e-01 7.09972409e-01
 9.13210356e-01 4.81075454e-01
 4.70299464e-01 1.07710401e-02
 1.66849064e-01 5.33101748e-01
 3.65081001e-01 8.35447086e-01
 2.92193708e-01 8.99526067e-01
 4.54903669e-01 5.32001714e-01
 6.77751015e-01 4.94809683e-01
 2.16228519e-01 1.05406588e-02
 4.32584337e-01 5.54560390e-01
 8.28632389e-01 8.21849704e-01
 7.80669017e-01 5.10974989e-01
 5.95190116e-01 8.39950159e-01
 9.27035510e-01 5.24098125e-01
 1.87598934e-01 9.58721218e-01
 2.48060572e-01 4.25346333e-01
 3.02796201e-01 3.83679013e-01
 3.67511375e-01 7.81835904e-01
 4.54896271e-01 8.78372249e-01
 3.51808058e-01 7.44066498e-01
 2.14499901e-01 5.30011022e-01
 3.71112471e-01 8.64469514e-01
 3.17942204e-01 8.10846181e-01
 2.26405549e-01 5.39122509e-03
 3.13425657e-01 2.81015986e-01
 2.13497667e-01 4.02154336e-01
 9.36483206e-01 4.50220407e-01
 7.33931818e-01 1.70823120e-01
 6.54521840e-01 3.41612853e-01
 6.97547827e-01 6.76349686e-01
 4.89284087e-01 4.27020307e-01
 6.56051772e-02 8.51996430e-01
 5.48523428e-01 2.47487546e-01
 9.36959469e-03 5.62961214e-01
 6.85270773e-01 1.75171284e-01
 8.94574778e-01 8.83874848e-01
 8.12110213e-01 6.90307342e-01
 9.01197914e-01 1.04611317e-01
 6.34649082e-02 8.94909379e-01
 7.56099511e-01 4.60052186e-01
 6.32807123e-01 5.78282055e-01
 6.16330204e-01 5.99599366e-01
 7.87038133e-01 6.28728918e-01
 3.58205661e-01 3.39358012e-01
 7.85045282e-01 3.68089836e-01
 1.30386712e-01 1.75084503e-01
 4.10023059e-01 5.06105005e-01
 8.52705346e-01 2.98163763e-01
 5.15758931e-01 5.72806373e-02
 5.34177318e-01 2.20440674e-02
 8.39876865e-01 8.26006841e-01
 6.90713848e-01 9.59740304e-01
 4.68248538e-01 4.99172658e-01
 3.83541346e-01 2.66411055e-01
 8.61973139e-01 3.80917035e-01
 6.37031307e-01 9.97192158e-01
 5.38247080e-01 5.29730737e-01
 3.96141105e-01 1.39958029e-01
 8.47065029e-01 3.11843177e-01
 8.49791994e-02 4.87898997e-01
 3.20424507e-01 8.56236781e-01
 4.82609673e-01 7.05356048e-01
 7.28131981e-01 8.36922468e-01
 3.31588906e-01 6.18684181e-01
 7.85305829e-01 9.59050309e-01
 4.98643992e-01 7.60418845e-01
 4.49449815e-01 8.08054945e-01
 4.95255067e-01 5.67636410e-01
 6.87730773e-01 9.78072692e-02
 3.74350024e-01 9.34251525e-02
 9.94960481e-01 8.24065859e-01
 5.53147796e-01 9.70176116e-01
 5.77543510e-01 1.85293539e-01
 5.84233388e-02 1.69990547e-01
 5.01229471e-01 9.92256129e-01
 2.80964651e-01 6.48035945e-01
 9.78571449e-01 7.96471987e-01
 6.01880493e-01 4.46186647e-01
 1.38668755e-02 5.61089625e-02
 8.36137957e-01 3.31219009e-01
 9.85392526e-02 2.92591805e-01
 4.89388592e-01 2.68635463e-01
 7.97326707e-01 5.24892874e-01
 3.68249528e-01 1.88492079e-01
 3.63360890e-01 5.14724453e-01
 9.95956233e-01 4.99358187e-01
 8.99292312e-01 6.15413991e-01
 3.94579724e-02 1.32446316e-01
 6.40968011e-01 1.58705597e-01
 8.20255807e-01 1.13607909e-01
 2.64853825e-01 2.57731902e-01
 7.30586998e-01 9.78270994e-01
 3.86725530e-01 4.74160894e-01
 6.81012032e-03 9.90024781e-01
 1.93516124e-01 6.05499036e-01
 7.76354585e-01 1.39329362e-01
 1.00214185e-01 7.11345724e-01
 6.49315703e-01 5.20246391e-01
 8.36170997e-01 6.27457406e-01
 2.97253665e-01 8.63258509e-01
 1.28557403e-01 8.91595804e-01
 5.04902787e-01 6.85430616e-01
 9.52179157e-01 7.96789289e-01
 5.08001215e-01 2.99438569e-01
 4.89230438e-01 9.44179126e-01
 4.51237658e-01 3.77417235e-01
 5.92508594e-01 9.51785724e-01
 6.82043042e-01 1.65864640e-01
 7.14104519e-01 1.80451600e-02
 9.47226935e-01 1.03582534e-01
 6.90572925e-01 1.28849119e-02
 8.82696006e-01 6.10846055e-01
 2.95730683e-01 2.28591491e-02
 3.49471593e-01 9.26661094e-02
 1.02862046e-01 3.49714293e-02
 8.39013362e-03 4.55987357e-01
 3.37766320e-03 2.99652839e-01
 9.80559513e-01 9.75060933e-01
 4.75659258e-01 2.88695212e-01
 8.70387816e-01 2.03175825e-01
 3.42392529e-01 2.32884721e-01
 7.86444170e-01 2.57104147e-01
 6.83414076e-01 8.44107107e-01
 6.31714862e-01 1.12265647e-02
 6.27084730e-01 5.09383096e-01
 9.58666339e-01 8.47970605e-01
 9.72465170e-01 3.02873749e-01
 7.64880251e-01 1.63835923e-01
 5.73286879e-01 8.51987812e-01
 1.37041087e-01 6.26152936e-01
 9.42970882e-01 9.32152063e-01
 4.52655514e-01 3.80936609e-01
 5.89876142e-01 3.45146483e-01
 6.09163432e-01 6.61876197e-01
 6.30933501e-01 5.34557174e-01
 5.94513176e-02 3.13463523e-01
 6.68421735e-01 7.88383228e-01
 8.08018403e-01 9.12295971e-01
 8.92329753e-01 2.89017179e-01
 9.29124340e-01 4.11910347e-01
 6.22751957e-01 7.02635188e-01
 4.50812074e-01 1.49255681e-01
 9.64769326e-01 3.34044284e-01
 3.42130383e-01 4.63642948e-01
 1.59265900e-01 4.68951411e-01
 3.01737364e-01 7.48296764e-01
 3.27779122e-01 9.97543254e-01
 5.77900651e-01 8.17536529e-01
 3.59632662e-01 7.67687532e-01
 7.30137486e-01 4.50198573e-01
 1.77196913e-01 9.52035222e-01
 1.43657860e-01 2.79895630e-02
 5.86365846e-01 3.63217821e-01
 8.86901480e-01 8.99300737e-01
 8.74242639e-01 3.39372620e-01
 3.38185098e-02 1.93734043e-01
 7.06266545e-01 4.02561269e-01
 2.18024159e-01 1.88909502e-01
 6.12946758e-01 9.92953138e-02
 4.92965844e-01 1.55300491e-01
 2.77265336e-01 5.90753132e-01
 2.57879160e-01 3.18677518e-01
 7.30777386e-01 4.14352341e-01
 7.25553227e-01 9.46471951e-01
 7.50921262e-01 5.25698958e-02
 9.29054561e-01 6.25306687e-02
 7.78719863e-01 7.15828337e-01
 8.57062542e-01 6.33844442e-01
 2.15636931e-01 6.92297098e-01
 8.66641261e-01 6.05809340e-01
 9.04907561e-01 9.83371514e-01
 5.22276161e-01 3.01784530e-01
 3.22564737e-01 1.75510828e-01
 9.49711183e-01 6.79215094e-02
 8.59332016e-01 9.10436822e-01
 3.22981188e-01 9.06890315e-01
 6.56548539e-01 5.80296668e-02
 1.39892737e-01 3.65243555e-01
 5.52144290e-01 2.55127428e-01
 8.23586921e-01 2.96485463e-01
 5.49920717e-01 7.80243258e-01
 3.26636775e-02 7.12140089e-01
 9.15023299e-01 3.07980473e-01
 5.81748265e-02 3.04709547e-01
 4.25859553e-01 3.67087770e-02
 7.70956035e-01 4.19531487e-01
 4.38629777e-01 1.39128835e-01
 3.06241484e-01 7.67264682e-01
 8.21219582e-01 2.97316902e-01
 8.20525160e-01 2.33582217e-01
 8.00704127e-01 1.13152069e-01
 4.10250153e-01 2.28438367e-01
 9.90738980e-01 7.94132015e-01
 9.92764836e-01 6.96662820e-03
 4.50649020e-01 6.03706539e-01
 4.35527490e-01 2.72063087e-01
 5.63680898e-01 2.39238237e-01
 9.57929123e-01 9.81718782e-01
 9.77081437e-01 1.23138974e-01
 4.37976543e-01 2.70069933e-01
 6.65040061e-01 2.59900303e-01
 4.03120910e-01 5.61162284e-01
 7.79650797e-01 1.57676221e-01
 7.61730895e-01 4.20526758e-01
 2.64968360e-01 4.03875917e-01
 7.13565369e-01 9.41674383e-02
 6.34524770e-01 9.77618821e-01
 8.26359655e-01 1.87443635e-01
 5.04025936e-01 7.42353178e-01
 5.89789229e-01 3.66915053e-01
 1.16047051e-02 8.37244427e-01
 3.08935331e-01 1.29295348e-01
 8.42821061e-01 7.35230762e-01
 1.71828631e-01 2.58172647e-01
 3.28875740e-01 2.27975400e-01
 9.95037409e-01 4.98894261e-01
 1.84365290e-01 6.03166134e-01
 2.71861071e-01 4.76056263e-01
 9.07403908e-01 8.10734862e-01
 9.79782931e-01 3.50562621e-01
 2.13910921e-02 7.50264494e-01
 4.77456650e-01 1.07516867e-01
 5.87216049e-01 2.45056656e-02
 3.41806505e-01 8.94586757e-01
 3.69213642e-01 5.54957466e-01
 6.64962751e-01 4.67215033e-01
 1.12363569e-01 8.93049370e-01
 1.92067831e-02 5.06133471e-01
 5.54643086e-01 8.67248893e-01
 2.57195505e-02 3.25373778e-01
 7.03240400e-02 4.75047251e-01
 2.09656052e-01 4.08670097e-01
 9.30627159e-01 6.82218733e-01
 7.25808960e-01 9.89626738e-01
 1.38564700e-01 9.57713534e-01
 5.96292599e-01 8.16526087e-01
 3.07677465e-01 6.56880271e-01
 6.95478882e-01 8.15738039e-01
 2.85537903e-01 9.29631083e-01
 3.54315307e-01 3.81816641e-01
 8.50332593e-01 1.05981994e-02
 5.90570824e-01 4.50380173e-02
 7.57266184e-01 4.34028935e-01
 8.56785429e-01 5.06304837e-01
 5.94222206e-01 7.40307248e-01
 7.66662849e-01 3.40697701e-01
 8.89173370e-01 5.70161732e-01
 7.89447570e-01 9.58839151e-01
 2.85296322e-01 9.55038604e-01
 5.24433524e-01 1.13852118e-02
 3.41490768e-01 8.13241176e-01
 4.79133540e-01 9.62284744e-01
 1.83929107e-01 5.12506388e-01
 7.10287816e-01 6.84150347e-01
 9.81945625e-01 3.56842121e-01
 6.16271543e-01 9.55525928e-01
 5.51491862e-01 9.34048858e-01
 5.50762471e-01 9.13258472e-01
 9.11507653e-01 5.38539629e-02
 7.65688886e-01 7.04322288e-01
 2.77244376e-01 3.47251146e-02
 7.44928699e-01 4.97477875e-01
 4.55224740e-01 2.01066275e-01
 6.21207099e-01 7.85447496e-01
 5.89655062e-01 2.91206047e-01
 6.42639569e-01 7.12487296e-01
 7.22911429e-01 3.81295592e-01
 8.17600246e-01 7.91851936e-01
 5.19848986e-01 6.47038223e-01
 6.64008315e-02 2.98716303e-01
 8.67945860e-01 6.87004283e-01
 4.79279099e-02 3.68887624e-01
 9.34393272e-01 9.20876776e-01
 7.30806128e-01 2.25642221e-01
 3.01645835e-01 3.56779420e-01
 8.00802899e-01 5.77579797e-01
 8.50016483e-01 3.65475674e-01
 1.39705064e-01 7.15789372e-01
 2.48055855e-01 8.50099097e-01
 7.44611087e-01 4.90956185e-01
 9.66517236e-01 5.73724502e-01
 3.17072001e-01 3.32490862e-01
 3.09197046e-01 3.54618346e-01
 1.36921597e-01 5.94988897e-01
 8.50622478e-01 6.42260173e-01
 8.43764558e-01 1.46476405e-01
 1.38178296e-01 2.67744401e-01
 2.07443366e-02 7.56796074e-01
 5.26479367e-02 6.02321585e-03
 5.77940428e-01 7.81101160e-01
 4.24164719e-01 3.58955884e-01
 4.84429624e-01 3.37077372e-01
 3.90592673e-01 2.41704630e-01
 6.64008207e-01 7.66980703e-01
 3.86771441e-02 7.43821448e-01
 4.08884395e-01 5.73142609e-01
 8.58758346e-01 1.51811508e-01
 8.74134159e-01 3.66441483e-01
 2.80124579e-02 6.86221877e-01
 2.43680026e-01 2.04008416e-01
 6.16854337e-01 5.24020411e-01
 2.38580452e-01 7.79601984e-01
 5.19354569e-01 2.65911555e-01
 5.72459178e-01 9.36479444e-01
 1.12171955e-01 4.75276573e-01
 3.12605164e-01 2.64071186e-01
 1.58109497e-02 5.95279435e-01
 3.28794021e-02 3.89472654e-02
 6.81353280e-01 6.82889550e-01
 9.82446360e-01 6.27299900e-01
 7.56386216e-01 1.51696767e-01
 9.78735665e-01 8.93705155e-01
 3.17912064e-01 2.44465942e-02
 8.08602877e-01 5.62270304e-01
 2.38128288e-01 8.15608036e-01
 6.95623347e-01 6.59370850e-01
 5.11950570e-01 7.99646040e-01
 9.67292933e-01 8.52474125e-01
 9.81907844e-01 7.87352645e-01
 4.95296593e-02 6.47081152e-01
 2.35919481e-01 7.28052424e-01
 3.84951045e-01 9.65470834e-01
 8.65302005e-01 4.89955499e-01
 9.29855815e-01 7.29082145e-01
 3.55483528e-01 1.13425945e-01
 6.99006437e-01 2.81060946e-02
 3.56946847e-01 9.83439439e-01
 2.27494412e-01 7.17072154e-02
 1.41592643e-01 5.81567415e-01
 4.21364567e-01 9.77900046e-02
 7.97951821e-02 3.75894833e-01
 4.77109757e-01 9.30047454e-01
 7.61099893e-01 6.85814302e-01
 2.06567468e-02 5.26281588e-01
 4.54914630e-01 8.21632654e-01
 9.14208570e-01 4.13124093e-01
 5.28962837e-01 3.64952336e-01
 6.64609093e-01 7.49342549e-01
 5.43585057e-02 9.11842537e-01
 3.86945966e-01 3.84708846e-02
 2.03961538e-02 2.46646761e-01
 1.61018895e-01 9.27598261e-02
 5.98099728e-01 8.07308471e-01
 7.08996672e-01 5.89846109e-01
 1.32624351e-01 4.07169976e-01
 6.99827725e-01 4.71395119e-01
 6.40845704e-02 1.47163417e-01
 2.70304837e-01 8.58635687e-02
 5.82352598e-01 7.47915033e-01
 3.78049057e-01 8.25085480e-01
 3.11459148e-01 6.35409692e-02
 5.10945776e-01 2.14755816e-01
 4.20856033e-01 6.62413199e-01
 4.80649266e-02 3.23018163e-01
 2.70203852e-02 2.75048864e-01
 9.52624222e-01 9.90440760e-01
 6.68913110e-01 1.28759387e-01
 2.99561277e-01 1.98171287e-01
 1.00729718e-01 6.03832168e-01
 2.82703258e-02 5.55930975e-01
 2.14737579e-01 5.81697104e-01
 2.31936797e-01 3.62520982e-01
 8.37295439e-01 1.80871259e-01
 3.42083508e-01 7.49539018e-01
 6.36443762e-01 2.48525355e-01
 1.49783796e-02 1.17938923e-01
 6.69233545e-01 8.33197438e-01
 6.08433157e-02 6.56493039e-01
 5.15200323e-01 4.93589846e-03
 8.17109550e-01 2.03090030e-01
 4.35856383e-01 6.23384095e-01
 2.79477862e-01 8.76968413e-01
 2.33459849e-01 9.53468041e-01
 4.75320992e-02 5.07528942e-01
 3.02375904e-01 4.33911632e-01
 8.04024628e-01 9.34434421e-01
 9.21369750e-01 1.87339885e-01
 2.51064836e-01 4.36863973e-01
 2.08000682e-01 1.88425648e-01
 7.50194285e-01 1.75419470e-01
 5.67258772e-01 5.40805431e-01
 7.24940017e-01 5.20941720e-02
 4.43285507e-03 9.55006124e-01
 8.86063046e-01 2.75969590e-01
 5.48023814e-01 4.15769703e-01
 4.84832793e-01 4.93932896e-01
 5.95714602e-01 9.91620377e-01
 2.62719638e-01 5.36741768e-01
 7.69770315e-01 6.04104329e-01
 4.86692936e-01 5.54482592e-01
 4.22959739e-01 8.78006925e-01
 4.53071512e-01 4.20065659e-01
 5.13166002e-01 4.74563815e-02
 5.61541109e-01 8.83996642e-01
 9.16587982e-01 7.65631850e-01
 7.82026383e-02 2.13844865e-01
 4.39757201e-01 8.66368426e-01
 1.68624133e-01 8.15126714e-01
 2.25986173e-01 3.40273100e-01
 8.33570333e-01 9.18710209e-01
 5.60710294e-01 6.00875171e-01
 8.57744089e-02 9.44518300e-01
 2.61426816e-01 8.44708667e-01
 6.46917577e-02 2.98947886e-04
 7.53422978e-01 3.85041751e-01
 4.54001183e-01 8.88203799e-01
 8.84057617e-01 9.78876333e-01
 7.39991894e-01 7.66543060e-01
 8.11374638e-01 8.42403159e-01
 4.84761938e-02 9.75953010e-01
 6.18055438e-01 9.89912907e-01
 5.54891060e-01 7.20933999e-01
 7.67781256e-01 1.54267305e-01
 4.74512430e-01 3.79472409e-01
 5.28980079e-01 1.87511695e-01
 7.88194785e-01 7.30409691e-01
 4.58444488e-02 6.81391566e-01
 6.41407566e-01 9.27552293e-01
 9.58519148e-01 1.01671533e-01
 3.84771599e-01 8.55696028e-01
 6.78304488e-01 7.49766139e-01
 9.99848304e-01 4.63115315e-02
 8.89741074e-01 5.21627198e-01
 8.77886561e-01 5.58079162e-01
 2.70828651e-01 4.11279890e-01
 5.83704523e-01 5.30273777e-01
 2.31816122e-01 1.14774218e-01
 2.31543234e-01 1.24296528e-01
 2.29458026e-01 8.61674216e-01
 2.82643184e-01 2.94630240e-01
 4.15509058e-01 4.45335495e-01
 4.34968875e-02 6.73328893e-01
 5.51227013e-01 4.46703332e-01
 5.97994259e-01 9.22787812e-01
 1.47935510e-01 6.11747439e-02
 6.54933413e-01 2.14903626e-01
 5.32423807e-01 6.88131017e-01
 6.40964543e-01 2.26852213e-01
 3.29554084e-01 2.21416209e-01
 6.23860967e-01 5.15618933e-01
 5.81365171e-01 3.75881234e-01
 5.35602457e-01 3.92636245e-01
 1.21643959e-01 7.85865384e-01
 5.33140631e-01 1.09789100e-01
 7.21251908e-01 8.17367081e-01
 5.94850558e-01 5.72879810e-01
 9.68268317e-01 1.41724108e-01
 9.78637518e-01 6.49556180e-01
 9.03701803e-01 5.58228947e-01
 5.57035576e-01 3.99255421e-01
 6.96051900e-01 7.58950741e-01
 7.88144802e-01 3.34740291e-01
 1.51494596e-01 3.46835649e-01
 7.38313966e-01 6.80047278e-01
 3.16204875e-01 8.38535580e-01
 2.62833896e-01 4.77159039e-01
 3.76470881e-01 7.11638754e-01
 4.47533430e-01 4.20139121e-01
 9.72669576e-01 3.81473919e-01
 3.24089936e-01 6.63827142e-01
 4.12392500e-01 6.22483976e-01
 7.66826779e-01 5.11741043e-01
 8.81139850e-01 3.50706944e-01
 7.79725947e-01 8.05452901e-01
 8.71863777e-01 1.31112598e-01
 9.23238929e-01 2.51177366e-01
 3.57803348e-01 7.45613309e-01
 5.06975065e-01 9.24927820e-01
 1.74890113e-01 2.41359654e-02
 5.09507094e-01 1.06400791e-01
 4.71763213e-01 5.27994431e-02
 3.44797045e-02 8.81335629e-01
 7.38576421e-01 7.69360325e-01
 3.73392956e-01 3.21942744e-01
 3.87025030e-01 3.86394758e-01
 3.11478580e-01 1.19820882e-01
 1.95672983e-01 7.63210378e-01
 8.39287405e-01 1.91597031e-01
 1.22714723e-01 1.41111181e-01
 5.47053612e-01 7.20836824e-01
 6.34150986e-01 8.15159784e-01
 1.04981523e-01 6.07302313e-02
 2.50814999e-01 6.27093737e-01
 4.11839730e-01 8.33734297e-01
 6.74473186e-01 1.65723529e-01
 1.65465704e-01 5.12810037e-02
 8.99561179e-01 2.27618044e-01
 9.01764051e-01 4.88542763e-01
 3.09427080e-01 2.32554026e-01
 5.52644844e-01 3.03502602e-01
 4.47774679e-01 9.32500030e-01
 4.83178848e-01 3.90535915e-01
 4.49152925e-01 3.73872924e-01
 4.96432640e-01 9.24681255e-01
 1.51437221e-02 7.68223284e-02
 3.81471562e-01 9.24468740e-01
 6.21814701e-01 2.90107261e-01
 8.90492636e-01 1.91074116e-01
 9.96889986e-01 8.21422582e-01
 3.48120587e-01 3.64363666e-01
 9.41161527e-01 8.22498832e-01
 3.46043708e-01 3.17369642e-02
 4.37913592e-01 4.65765358e-01
 6.62126680e-01 5.60727044e-02
 7.37748160e-02 2.70184245e-01
 4.11956306e-02 9.57560803e-01
 7.60643713e-02 7.72148476e-01
 9.63451046e-01 3.86172335e-01
 3.11583249e-01 5.22561000e-02
 2.48827300e-01 2.36807163e-01
 2.76671380e-01 6.04251956e-01
 6.62413455e-01 6.29322418e-01
 7.30300685e-02 4.07609498e-02
 1.72292908e-01 2.16569189e-01
 2.72689900e-02 7.43748923e-01
 4.75687709e-01 1.47676755e-01
 1.06936120e-01 3.35772477e-01
 7.07808875e-01 2.68531698e-01
 2.78038420e-01 1.09511273e-01
 8.08113634e-01 7.92624874e-01
 4.97099613e-01 4.38102127e-01
 6.85592480e-01 2.43960251e-01
 1.57964754e-01 2.00015099e-01
 4.59242165e-01 1.55479742e-01
 3.33035575e-01 8.63123465e-01
 9.48711964e-01 5.32051211e-01
 1.72273995e-01 2.33287681e-02
 2.03077577e-01 1.36661609e-02
 6.02000827e-01 8.01446675e-01
 2.40798741e-01 7.60661800e-01
 9.07890242e-01 7.95223714e-01
 2.47840139e-01 6.59953598e-01
 5.09629703e-01 2.88314923e-01
 2.47961847e-02 8.10134741e-01
 9.02944677e-01 6.03716413e-02
 1.41323796e-02 4.02001472e-01
 1.39863950e-01 5.91836196e-01
 8.92572010e-01 2.41241023e-01
 8.43944700e-03 4.12921648e-01
 4.62114038e-01 9.97893527e-01
 1.60274612e-01 7.46141831e-01
 7.44974574e-01 6.46545596e-01
 4.82951807e-01 9.48584925e-01
 9.28602577e-01 4.10216529e-01
 1.88844709e-01 2.95787164e-01
 5.97715636e-02 5.63942136e-01
 8.48985906e-01 8.46658345e-01
 5.45938993e-03 1.61162659e-01
 2.55042142e-03 5.24693480e-01
 2.11990056e-01 8.36401621e-01
 9.43241988e-01 8.26546511e-01
 7.55156551e-01 9.36665116e-01
 9.11315779e-01 6.98477351e-01
 5.23227515e-01 8.68233906e-01
 8.97083670e-01 4.71124619e-01
 5.69462815e-02 4.17581892e-01
 3.57397419e-01 7.70238899e-01
 1.64974982e-01 3.30722115e-01
 4.74247998e-01 6.28802173e-01
 4.78847342e-02 6.28474208e-01
 5.82296999e-01 3.49144076e-01
 3.22383737e-01 7.16109166e-01
 9.94296048e-01 8.74740193e-01
 8.53311903e-01 7.97760102e-01
 5.08395341e-01 6.88540717e-02
 6.11690133e-01 4.60291528e-01
 3.45321495e-01 9.40312684e-01
 8.66291608e-01 6.72951301e-01
 8.00966981e-01 3.43283833e-01
 5.90109666e-02 7.82466653e-01
 8.67960829e-01 5.87590206e-02
 1.81060443e-01 2.80207241e-01
 4.70496679e-01 2.33759816e-01
 3.33066754e-02 1.50359213e-01
 8.34331697e-02 8.82991996e-01
 8.94523494e-02 5.52307908e-01
 7.28177011e-01 2.22475475e-01
 7.12396339e-01 2.84846798e-01
 6.74633907e-01 9.29483610e-01
 6.95357594e-02 5.44885618e-01
 6.99382864e-01 2.45099759e-01
 3.40088155e-01 7.68868978e-01
 9.42180918e-01 5.80624154e-01
 9.61467612e-01 7.27829459e-01
 5.63691422e-01 7.99526941e-01
 2.77400077e-01 9.28621358e-03
 6.86655342e-01 3.02011848e-01
 4.54137791e-01 1.76505294e-01
 1.27532885e-01 7.80113458e-01
 8.13065537e-01 2.18417494e-01
 3.54326373e-01 5.16294308e-02
 1.56854600e-01 5.10337378e-01
 8.93887438e-01 9.05224665e-01
 3.19704988e-01 2.51894303e-01
 7.49993943e-01 1.83544957e-01
 2.14215132e-01 4.93674398e-01
 2.99485098e-01 3.15326556e-01
 4.01786131e-01 8.44093158e-01
 8.92893259e-02 5.26386116e-01
 5.00455953e-01 7.75432272e-01
 5.47010551e-01 4.60354609e-01
 1.10114364e-01 2.22764148e-01
 5.17975616e-02 9.06849746e-01
 9.77784241e-01 3.31423418e-01
 3.59111669e-01 9.82100255e-01
 9.33132051e-01 2.04377178e-01
 1.83170114e-01 4.72844825e-01
 7.36747687e-01 9.48318232e-01
 6.39435270e-01 9.55786912e-01
 1.82641267e-01 2.61705737e-01
 3.57787000e-01 6.59472382e-01
 9.31307613e-01 5.60058501e-01
 9.10053593e-01 2.15150795e-01
 7.53264839e-01 7.63258970e-01
 8.66542749e-01 2.71563813e-01
 8.55046944e-01 5.17393982e-01
 5.55641062e-01 1.99610574e-01
 6.83527741e-01 9.96444705e-01
 3.39497688e-01 1.53593378e-01
 8.95114276e-01 9.85787308e-01
 9.27178048e-02 5.92216824e-01
 8.09057759e-01 5.78021164e-01
 2.63379298e-01 1.94967889e-02
 2.75780469e-01 6.03587122e-01
 1.61474755e-01 2.37723776e-01
 3.07702896e-01 6.48179834e-01
 9.32342875e-02 1.59564664e-02
 1.07389457e-01 7.67398423e-01
 3.51726843e-01 3.60672827e-01
 2.29866962e-01 3.82041749e-01
 9.30566233e-02 2.47591515e-01
 6.60500135e-01 6.64617798e-01
 4.55129355e-01 2.65163353e-01
 7.60288173e-01 6.06686756e-01
 9.24487472e-01 7.92735341e-02
 8.92442342e-01 1.66210419e-02
 8.60977992e-01 3.23308969e-01
 5.34039252e-01 7.00334266e-01
 1.41436028e-01 1.23339608e-01
 7.72035586e-01 1.98091729e-01
 5.29210936e-01 7.92362011e-01
 7.07977129e-01 5.44866000e-02
 5.59553401e-01 3.34123263e-01
 9.89075787e-01 1.22665990e-01
 5.77544192e-01 2.48798392e-01
 6.19467142e-01 3.08874469e-01
 9.75640583e-01 9.49235145e-01
 8.65583344e-01 5.79737123e-01
 5.39383663e-01 1.82076818e-01
 6.38584651e-01 9.64484901e-01
 1.21822989e-01 2.45010652e-01
 4.96599830e-01 6.60592515e-01
 8.86124443e-01 7.59701691e-01
 8.22375420e-01 7.81741506e-01
 5.99838796e-01 8.61950954e-01
 7.72634064e-01 9.18711052e-02
 6.35466571e-01 4.35560393e-01
 6.31515857e-01 7.47203542e-01
 5.73095388e-01 1.84682800e-01
 1.55657251e-01 4.79278605e-01
 4.77743278e-01 4.70798462e-01
 4.48643205e-01 2.80908037e-01
 9.85017052e-01 2.42622244e-01
 8.08989871e-01 1.39215885e-01
 9.29953110e-01 6.59242180e-01
 8.28545367e-01 4.12122476e-02
 2.20625314e-01 8.32637417e-01
 8.66088648e-01 8.22669463e-01
 5.83445586e-01 7.73058932e-01
 7.25915792e-01 3.77600839e-01
 7.48451987e-01 4.51912425e-02
 7.45915342e-01 6.19948438e-01
 9.31243894e-01 9.76837580e-01
 5.86585044e-01 9.59276397e-02
 5.76249072e-01 1.84548857e-01
 9.68270371e-01 7.13970673e-01
 2.34792312e-01 1.05422765e-01
 7.38152609e-01 6.13770093e-01
 5.54509682e-01 8.98126860e-01
 4.51877828e-01 4.02323030e-01
 1.84088883e-01 4.90912063e-01
 7.02247334e-01 8.16969216e-01
 1.23778771e-02 8.45151753e-01
 7.69251453e-01 6.07554162e-01
 3.05623561e-01 3.47085970e-01
 3.03881936e-01 6.29949990e-01
 8.76886735e-01 5.31387640e-01
 2.65834201e-02 4.01882497e-01
 6.52247136e-01 5.72915537e-01
 7.34197482e-01 8.14600936e-01
 8.55605462e-01 6.54109343e-02
 6.89633946e-01 6.61102271e-01
 6.85892124e-01 3.39205231e-01
 6.55277984e-01 8.15089673e-01
 5.96808712e-01 9.12422052e-01
 3.90476567e-01 7.12890182e-02
 4.68993954e-03 3.52093397e-01
 7.50844871e-01 6.32411361e-01
 9.05336865e-01 1.48713569e-02
 1.70184818e-01 9.08910651e-01
 5.42295498e-01 7.05330426e-01
 3.05779118e-01 6.89931274e-01
 1.28615872e-01 8.42541854e-01
 6.87480964e-02 3.98045587e-01
 3.99583083e-01 4.00633139e-02
 2.96241357e-02 7.68293622e-01
 1.64672305e-01 3.21173132e-01
 9.74876287e-01 8.65409774e-01
 8.41485873e-02 6.50746486e-02
 7.12709300e-01 9.36794133e-01
 6.28080080e-02 1.00126082e-01
 8.70689613e-01 4.27036011e-02
 2.63290124e-01 3.56691474e-02
 5.62161991e-01 6.40480757e-01
 4.64267416e-01 2.48910654e-01
 9.51017180e-01 8.96251310e-01
 9.01608331e-01 9.51001823e-01
 4.79445345e-01 7.83953765e-01
 5.35039426e-01 7.64757297e-01
 5.91188908e-01 4.33257426e-01
 9.12305728e-01 1.81146840e-01
 7.99846049e-01 8.20620748e-01
 3.13872901e-01 7.67470733e-01
 6.57476304e-01 1.75684102e-01
 3.19656620e-01 4.28202409e-01
 1.25996542e-03 3.20445674e-01
 2.92795704e-01 7.91544529e-01
 5.48874640e-02 4.80804920e-01
 2.30561343e-01 5.67947949e-01
 5.45260154e-01 3.36975571e-02
 2.82458822e-01 6.37555273e-02
 2.72199297e-01 8.08199305e-01
 4.77971310e-01 4.32675752e-01
 7.55388211e-01 8.91734754e-01
 7.11231845e-01 7.45272096e-01
 1.25427840e-01 7.46997833e-01
 3.69455144e-01 7.37905431e-01
 9.00743693e-01 9.14609888e-01
 7.04169258e-01 4.10115570e-01
 1.96431028e-01 2.73038443e-01
 1.44474836e-01 2.68725320e-01
 7.87167564e-01 8.48450140e-01
 2.51818975e-01 1.73300607e-01
 6.81363905e-02 5.46561631e-01
 3.82071577e-01 6.21006608e-01
 5.53566134e-01 4.43668977e-01
 9.59664928e-01 3.86630198e-01
 5.91315460e-01 9.69853744e-01
 4.49839741e-02 5.70337058e-01
 6.56186890e-01 3.66253735e-01
 2.67880003e-01 7.69162975e-01
 4.37485658e-01 7.30201998e-01
 2.74673581e-01 6.02807540e-01
 9.41138325e-01 3.15683943e-01
 9.68295542e-01 2.93535683e-01
 7.88951321e-01 9.57516472e-01
 8.40497103e-01 8.66152889e-02
 7.78240087e-01 2.97968716e-02
 3.21183779e-01 6.54145177e-01
 3.24957266e-01 8.23963676e-01
 6.97471846e-01 1.08234891e-01
 5.98168387e-01 3.85634671e-01
 4.72421945e-01 9.95185074e-01
 5.66007508e-01 5.40286715e-01
 1.50978366e-01 4.50846012e-01
 2.87120970e-01 4.51935808e-01
 3.25453730e-01 3.25729892e-01
 4.79760835e-01 6.14030267e-01
 6.76649259e-01 2.71005092e-02
 3.85633408e-01 2.07800422e-01
 7.22585141e-01 7.44449519e-01
 7.08615929e-01 1.93048625e-01
 9.95647210e-01 3.43536716e-01
 5.91529226e-01 7.13555097e-01
 4.86851566e-01 2.49069814e-01
 1.07368787e-01 1.21369984e-02
 9.54081259e-01 7.18878392e-01
 5.47303456e-01 5.08345510e-01
 9.41912728e-01 4.52928810e-01
 3.68906626e-01 1.42952652e-01
 7.22958196e-01 5.64136470e-01
 5.46512549e-01 3.47138679e-01
 8.59264190e-01 2.55581614e-01
 2.92667145e-01 3.51294011e-01
 6.21829263e-01 3.04672790e-01
 6.73749478e-01 6.68275984e-01
 5.95313896e-01 9.98885318e-01
 1.86104266e-01 5.29720049e-01
 2.50208925e-01 5.64144063e-01
 7.37350333e-01 2.56940686e-01
 4.74751010e-01 3.41847842e-01
 1.53324997e-02 3.03344732e-01
 5.97167862e-01 8.88278391e-01
 4.63626322e-01 8.01270724e-01
 8.30705635e-01 7.49727616e-01
 8.40467009e-01 4.64803761e-01
 4.50494407e-01 8.56934049e-01
 9.87527587e-01 5.87365332e-01
 5.12166756e-01 2.12409801e-01
 2.78103345e-01 8.06224873e-01
 9.99804186e-01 4.85826647e-01
 1.19064968e-01 5.84025936e-01
 4.91378458e-01 7.97854856e-01
 1.90766273e-01 6.40298076e-01
 8.70150869e-01 4.49584465e-01
 4.57411277e-01 6.90512516e-01
 2.86346800e-01 4.69389765e-01
 7.22347960e-01 2.19703507e-02
 7.65792514e-01 2.77871836e-01
 2.11163274e-02 4.48925557e-01
 2.69300709e-01 8.31035889e-01
 9.87168016e-01 6.62658970e-01
 5.29379178e-01 9.18441925e-01
 6.46453193e-01 1.50274233e-01
 4.52726767e-01 9.19749181e-01
 1.62292504e-01 8.75052659e-01
 3.37871876e-01 4.00650791e-01
 7.61975069e-01 6.93528681e-01
 6.73862765e-01 5.12396436e-01
 8.61063345e-01 2.20860938e-01
 7.56346822e-01 1.98078805e-01
 7.73539436e-01 4.59688789e-01
 9.53839992e-01 7.26366131e-01
 7.29625522e-01 9.99661016e-01
 6.94094715e-01 8.41954933e-01
 9.33486432e-01 7.75597672e-01
 4.64853209e-01 1.96469649e-01
 8.35614001e-01 6.87942510e-01
 8.55501764e-02 7.25397241e-01
 9.11135595e-01 6.97992786e-01
 9.57908318e-01 7.91168659e-02
 2.34768876e-01 8.32411176e-01
 2.45134142e-01 6.74691938e-02
 1.92909146e-01 6.24936389e-01
 3.54114305e-01 7.10629959e-01
 5.21023379e-01 8.15126732e-02
 2.68545830e-01 4.38420896e-01
 1.10248988e-01 5.90014483e-01
 8.41909868e-02 5.79827845e-01
 6.23988586e-01 8.31195708e-01
 1.23626438e-01 5.56622118e-01
 6.92609227e-01 1.66714399e-02
 3.27117035e-02 4.40216437e-01
 3.75100257e-02 7.80978483e-02
 2.25323767e-01 1.27079807e-01
 9.78184623e-01 9.72945212e-02
 3.18308639e-01 1.32998841e-01
 7.03461621e-01 7.11964532e-01
 3.94304912e-01 9.05774189e-01
 2.27242700e-03 3.27657287e-01
 5.87605517e-01 1.03315348e-01
 9.71187494e-01 3.02374631e-01
 9.52998174e-01 3.13482239e-02
 8.49696598e-01 2.68694510e-01
 3.34449225e-01 3.95131520e-01
 8.83295549e-01 7.85392729e-03
 1.18961598e-01 3.87595272e-01
 2.42877754e-01 4.01956612e-03
 7.43994866e-02 6.29018975e-01
 9.58173304e-01 7.11492027e-01
 7.80773629e-02 5.93064128e-01
 2.69389818e-01 7.89874293e-01
 3.84896875e-01 1.17707127e-01
 1.71162944e-01 5.04919018e-01
 9.65584712e-01 6.27340398e-02
 1.95290468e-01 4.82880218e-01
 8.02900521e-01 3.49488764e-01
 1.98757539e-01 2.71527431e-01
 7.90257664e-01 6.16323924e-02
 3.94800363e-01 5.62321831e-02
 2.24345809e-01 4.44913715e-02
 9.95244575e-01 9.10167534e-01
 1.88385774e-01 7.85366031e-01
 9.57380510e-02 4.01653070e-01
 4.09521485e-01 6.34688233e-01
 7.53244382e-01 7.08611543e-01
 4.78821325e-02 6.85001071e-01
 5.37690576e-01 4.03438170e-01
 5.33265751e-01 7.75852136e-01
 2.67630340e-01 3.17179378e-01
 9.23255096e-01 8.97474610e-01
 9.27207809e-01 9.59683022e-01
 6.41453363e-01 4.53711593e-01
 4.46211206e-02 9.06261664e-01
 5.02228532e-01 2.21509735e-01
 6.79400282e-01 2.94065760e-01
 7.23622601e-01 2.36665496e-01
 7.64309489e-01 6.26370137e-02
 2.28878206e-01 8.96279200e-01
 4.68873939e-01 4.97436364e-01
 2.11019521e-01 3.10438872e-01
 1.84996647e-01 1.92228496e-01
 2.34239198e-01 5.69402548e-01
 3.05238403e-02 9.79236469e-01
 4.47466607e-01 9.86802001e-01
 1.88393060e-01 3.76556960e-01
 4.03864284e-01 1.38992825e-01
 3.82588225e-01 9.49060394e-01
 3.11907919e-01 1.69012331e-01
 7.49632766e-01 7.21474253e-01
 4.65544361e-01 7.42323465e-01
 8.92725106e-01 6.63421891e-01
 8.10897880e-01 4.97046629e-01
 8.47594728e-01 5.89516523e-01
 6.79280729e-01 6.81589504e-01
 8.47854436e-01 9.77760583e-01
 1.70100685e-01 5.67930634e-01
 9.70124162e-01 1.55287055e-01
 3.73704544e-01 7.52923959e-01
 8.40096983e-01 9.83556722e-01
 9.70437832e-01 7.36055656e-02
 5.51870489e-01 8.92824961e-01
 1.39579804e-01 9.47039584e-01
 2.01825454e-02 8.59669054e-01
 4.73765452e-01 4.26346969e-01
 5.42929206e-01 5.43196972e-01
 1.09861538e-01 4.05813352e-01
 4.43156845e-01 3.89717277e-01
 9.33488297e-01 6.63467883e-01
 5.42999562e-01 1.12717555e-01
 5.39906370e-01 7.46341106e-01
 9.92381158e-01 6.29909934e-01
 9.92293324e-01 2.37415251e-01
 2.87437203e-01 2.65998321e-02
 4.65353543e-01 1.93458938e-01
 2.66896500e-01 5.09369313e-01
 4.47871014e-01 3.25661350e-01
 4.79564023e-01 2.94429636e-01
 3.75853014e-01 6.33523415e-01
 6.18662692e-01 2.74311681e-01
 5.08428138e-01 9.26647868e-01
 9.67757450e-01 5.55244550e-01
 3.97493591e-01 8.47231491e-01
 6.78950852e-01 7.90162061e-01
 4.38235662e-01 8.82461589e-01
 2.39239581e-01 1.37571374e-01
 1.74049609e-01 3.90500943e-03
 1.82601075e-01 5.80324251e-01
 2.52564444e-01 3.58766582e-01
 6.51513927e-01 4.73317205e-02
 3.64103123e-01 7.57289005e-01
 2.63920900e-02 8.38574845e-01
 2.42174792e-02 2.57551988e-01
 1.81179486e-01 6.40200241e-01
 5.54028469e-01 2.40517149e-01
 3.29928168e-01 8.55361006e-01
 2.65205083e-01 2.96420228e-01
 7.08589124e-01 1.63283252e-01
 5.56400539e-01 4.69224402e-01
 1.72332792e-01 1.78492458e-01
 3.40733332e-01 9.31028750e-01
 3.50331425e-01 3.86719940e-01
 8.66093801e-01 7.67087263e-01
 3.49592817e-01 5.35867722e-01
 7.70192459e-01 7.19343167e-01
 1.93395092e-01 7.17511441e-01
 5.80729843e-01 7.42979534e-01
 7.75311500e-01 3.48006231e-01
 6.32299769e-01 1.59291203e-01
 4.88371519e-01 3.85173665e-01
 4.26476383e-01 5.86513995e-01
 6.76392350e-01 9.04113366e-01
 5.59597727e-01 9.20339253e-01
 7.68461002e-01 2.81870994e-01
 7.97272527e-01 4.44874243e-01
 5.07683513e-01 4.43662361e-01
 6.18174091e-01 1.59859733e-01
 1.98277290e-01 2.87010195e-01
 7.99199143e-02 2.38721550e-01
 5.93986012e-01 6.15085993e-02
 4.48344506e-01 2.31807399e-01
 3.37237467e-01 1.78788258e-01
 4.92372432e-01 3.98684114e-01
 2.67583638e-01 1.46686414e-01
 6.25550275e-01 1.05988551e-01
 5.10987510e-01 8.87156410e-01
 2.12026537e-01 1.69337078e-01
 3.46982867e-01 1.85531810e-01
 8.51475171e-01 8.35297087e-01
 3.94746707e-01 6.70063274e-01
 9.08942022e-01 8.23979503e-01
 5.19876483e-01 2.98722527e-01
 7.18729358e-01 1.18986658e-01
 5.05186196e-01 5.03592061e-01
 6.86465730e-01 2.27171031e-01
 7.81190631e-01 6.54757831e-01
 4.87315071e-02 3.53854954e-01
 6.04873253e-01 2.67352805e-01
 1.10890347e-02 9.24167225e-01
 5.86560464e-01 8.97382546e-02
 4.37086973e-01 2.04230648e-01
 3.27992722e-01 4.11616397e-01
 2.01198268e-02 9.52537739e-01
 4.93730244e-01 7.52475118e-01
 1.86430018e-01 7.26013991e-01
 8.15482017e-01 3.74117388e-01
 3.35885846e-02 1.09527952e-01
 3.45045427e-01 3.08156467e-02
 6.98972611e-02 9.42316721e-01
 4.63379230e-01 1.97556444e-01
 9.08986879e-01 5.97790638e-01
 2.93325869e-02 7.43402339e-02
 8.71826941e-02 8.39525040e-01
 6.29763726e-01 2.63158722e-01
 9.08493600e-01 3.65434840e-01
 6.50698697e-01 9.64972226e-01
 8.93452334e-01 5.46834099e-01
 4.54528408e-01 7.08725824e-01
 3.07197324e-03 6.89219549e-01
 6.02605694e-01 9.84043539e-01
 4.95334280e-01 8.76188486e-01
 5.99419001e-01 8.50073991e-01
 2.76975323e-01 4.25833219e-01
 3.59426640e-01 9.51537507e-01
 9.88300387e-01 4.03078792e-02
 8.28934770e-01 1.18754746e-01
 1.42328000e-01 8.76688640e-01
 1.58471781e-01 5.31057084e-02
 7.53551063e-01 3.06005391e-01
 5.17075674e-01 7.92537578e-01
 2.45051723e-01 2.57262740e-01
 1.96685833e-01 7.45231461e-01
 7.93139545e-01 6.77435991e-01
 8.95395676e-01 7.12798649e-01
 4.24360771e-01 5.81496812e-02
 2.06191815e-01 5.68527176e-01
 1.18544740e-01 2.41379542e-01
 9.64724847e-01 5.85977727e-01
 6.65792007e-01 1.83293587e-02
 4.48990421e-01 5.20721536e-01
 7.73987566e-01 7.45152506e-01
 6.36597019e-01 7.89667752e-01
 9.84521948e-01 6.39647974e-01
 8.96219680e-01 4.21861270e-01
 6.30378813e-01 3.62724828e-01
 8.28585257e-01 6.92247590e-01
 4.57662198e-01 7.28378212e-01
 5.84877948e-02 3.29715741e-01
 3.36024963e-01 8.86476761e-02
 4.36534518e-01 9.93790029e-01
 1.68947193e-01 7.74410995e-02
 9.25118335e-01 2.88679677e-01
 8.83825002e-02 6.05001289e-01
 6.92279098e-01 9.03802018e-01
 6.89838117e-01 9.77640254e-01
 9.61978750e-01 3.26625145e-01
 1.43223025e-01 6.18559807e-01
 2.89302927e-02 8.15870723e-01
 4.43263441e-01 3.91904019e-01
 8.62724171e-01 4.92615742e-01
 9.94360604e-02 2.24535421e-03
 1.81177789e-01 5.01345063e-01
 2.93741736e-01 5.43737442e-01
 2.97701968e-01 3.83842237e-02
 1.72810732e-01 4.97904853e-01
 2.85591028e-01 9.63992746e-01
 7.51519586e-01 4.13115636e-01
 7.00961386e-01 2.19731569e-01
 8.23671563e-01 2.93482484e-01
 3.32371382e-01 2.44887720e-01
 8.97532424e-02 8.76243368e-01
 5.15490142e-01 6.25700128e-01
 8.52799594e-01 7.65945212e-01
 9.43792717e-01 8.71742693e-02
 2.44876732e-01 1.66286973e-01
 3.74330927e-01 5.69196315e-01
 1.09489126e-01 7.15431039e-01
 8.70918765e-01 5.71852490e-01
 9.35731679e-01 1.69359783e-01
 3.89885603e-01 6.61120196e-01
 2.83909304e-01 9.76261254e-01
 5.70709154e-02 7.63749732e-01
 2.91146311e-01 6.81860553e-01
 9.30101888e-01 8.03063410e-01
 3.76319167e-01 6.06513146e-01
 4.35178531e-01 5.50646183e-01
 5.81873250e-01 1.37402811e-03
 2.21973051e-01 4.12983693e-01
 3.03666562e-01 8.90212060e-02
 3.76934749e-01 8.79536736e-01
 8.74190216e-01 7.11884023e-01
 3.54011861e-01 4.64857636e-01
 6.39025613e-01 6.34015240e-01
 8.56679479e-01 1.13953967e-01
 5.67964044e-01 9.93279278e-01
 3.80389232e-01 6.35916920e-01
 3.03632913e-01 2.44109535e-01
 4.99377269e-01 5.40649242e-01
 3.12484840e-01 1.72988605e-01
 6.45263679e-01 3.76283511e-01
 4.92724984e-01 2.14526951e-01
 7.86636449e-01 9.02254497e-01
 8.21542253e-01 2.62398293e-01
 9.58360661e-01 8.35576752e-01
 1.48788524e-01 4.20177486e-03
 5.70497899e-01 2.84421205e-01
 3.24247646e-01 2.12480821e-01
 9.52426473e-01 9.72483576e-01
 7.16532722e-01 4.98500916e-01
 4.66736064e-03 1.36339050e-01
 9.33962691e-01 8.20148057e-02
 3.77555438e-02 8.24269150e-01
 9.82343784e-01 5.04465937e-01
 3.81825391e-01 4.74289443e-01
 9.27573054e-02 6.99740421e-01
 2.92941157e-01 3.22881261e-01
 8.90236595e-01 8.18856166e-02
 4.41693035e-01 7.62541696e-01
 5.44925750e-02 2.96449783e-01
 5.53237081e-01 1.52039966e-01
 6.88658848e-01 7.52443331e-01
 3.63063464e-01 8.92031753e-01
 6.13554278e-01 1.86341371e-01
 5.93110598e-01 5.12557963e-01
 5.96302241e-01 4.69800159e-01
 5.79947931e-01 4.65894583e-02
 3.32647182e-02 1.38419042e-01
 5.70149101e-02 9.65481835e-01
 5.14395812e-01 3.99527865e-01
 3.09915841e-01 4.21116811e-01
 4.15295767e-01 4.12134098e-01
 1.34179118e-01 3.19361583e-01
 8.94501628e-01 3.43265255e-01
 7.82619677e-01 1.44293471e-01
 5.98250390e-01 2.18507402e-01
 9.64839235e-01 2.14816645e-01
 5.77341628e-01 3.61327443e-01
 7.70625850e-01 6.07081796e-01
 5.56666737e-01 6.29808697e-01
 1.10297189e-01 1.19706409e-01
 3.15045191e-01 5.90166455e-02
 4.35563749e-01 9.10889943e-01
 7.95955191e-01 2.59686678e-01
 8.20494595e-01 1.17729608e-01
 2.24945304e-02 2.10638517e-01
 6.49010697e-01 1.13595606e-01
 9.06740414e-01 7.08589285e-01
 3.85626308e-01 5.85661774e-01
 1.95007987e-01 4.60556706e-01
 7.45149853e-01 4.12172045e-03
 8.08926012e-01 4.65420200e-01
 9.17179518e-01 8.41571964e-01
 5.83963372e-01 8.75534851e-01
 9.28706647e-01 2.11240956e-01
 2.85667934e-01 5.10315955e-01
 7.99523868e-01 5.91650723e-01
 3.41048921e-01 6.94829156e-01
 6.15644906e-01 9.85212098e-01
 5.94476996e-01 8.09828634e-02
 1.60379097e-01 4.78331817e-01
 7.34341664e-01 1.51580485e-01
 9.35918830e-01 7.80844550e-01
 1.94160172e-01 6.79117425e-01
 8.04285105e-01 1.35268036e-02
 2.35831830e-01 4.96542768e-01
 1.85429777e-02 1.23750667e-01
 2.17010293e-01 9.02498395e-01
 3.56464807e-02 3.48466950e-02
 3.81386247e-01 4.39923733e-01
 6.16185275e-01 5.00944669e-01
 1.38925777e-01 4.51791010e-01
 2.13205495e-02 6.97701840e-01
 4.67753800e-01 3.58931753e-01
 3.89873779e-01 4.89316151e-01
 8.68721664e-01 5.77078543e-01
 5.00269558e-01 9.42987253e-01
 4.16253315e-01 9.38753868e-01
 7.26894549e-01 6.39353537e-01
 4.34732654e-01 5.46914490e-01
 2.34768278e-01 6.16462007e-01
 4.60620789e-01 7.60796584e-01
 3.88764380e-01 1.09580096e-01
 8.58586501e-01 9.39785304e-01
 6.21578560e-01 9.86593179e-01
 8.88957886e-01 6.13120556e-01
 8.45531119e-01 8.85620107e-01
 2.98481635e-01 8.24353606e-01
 9.44953813e-01 4.50803170e-01
 9.46867288e-01 4.25949852e-01
 4.35134987e-01 8.22049160e-01
 6.59964732e-01 4.08745369e-01
 4.38531469e-01 3.88721824e-01
 5.74426662e-01 3.00831032e-01
 9.46254764e-01 5.41449483e-01
 3.87197310e-01 5.04552475e-01
 9.65265761e-01 8.05171395e-01
 5.77230062e-01 3.24275643e-01
 1.07055910e-01 2.16251314e-01
 5.83102911e-01 2.03962098e-01
 4.80216907e-01 5.70299492e-01
 8.37667524e-01 7.14581691e-01
 1.00500786e-01 3.21767298e-01
 1.55229764e-01 9.87613572e-01
 8.65934428e-01 9.69982081e-01
 8.12340516e-01 9.88868508e-01
 3.79234960e-01 3.62893597e-01
 4.90369765e-01 5.31225020e-02
 7.36299755e-02 7.94041342e-01
 8.03032971e-01 3.27790202e-01
 2.30353590e-01 7.77309286e-01
 4.56032451e-01 9.35659025e-01
 3.99076728e-01 4.93886395e-01
 6.00123022e-01 8.94278445e-01
 8.00675892e-01 8.71884234e-01
 4.23102939e-01 5.22859511e-01
 3.87932860e-01 9.33991406e-01
 4.95213209e-01 1.42286253e-01
 6.83808576e-01 6.40767645e-01
 2.47063241e-01 8.79256492e-01
 7.63196703e-01 7.87758918e-02
 1.16908544e-01 1.45685593e-01
 7.28620281e-01 3.44244184e-01
 1.72424152e-01 5.79778804e-01
 3.43560256e-01 8.76051802e-01
 7.76543898e-01 1.74380900e-01
 2.80281089e-01 9.96249217e-01
 7.97481846e-01 6.61359461e-01
 8.89801238e-02 4.23183611e-01
 6.12634430e-01 9.65115107e-01
 4.16121911e-01 3.91295070e-01
 2.44153368e-01 5.10120698e-01
 1.68437976e-01 7.68347534e-01
 4.66702239e-01 6.95777259e-01
 5.31763268e-01 8.82729290e-01
 3.07550246e-02 3.33028003e-01
 1.84117044e-01 2.04561869e-01
 2.08455502e-01 8.19729737e-01
 9.40232567e-01 9.17147232e-01
 6.24328140e-01 7.00222732e-01
 3.67940985e-01 2.94006626e-02
 8.47723639e-02 1.74608149e-01
 5.77316829e-01 5.87958679e-01
 4.40050213e-02 6.58758552e-01
 3.30687776e-01 7.79298055e-02
 9.02014815e-01 1.53225971e-01
 5.07485331e-01 2.83153258e-01
 6.46834446e-01 4.04330775e-01
 7.13257495e-01 2.70094519e-01
 1.39647372e-01 2.20027264e-01
 9.59440998e-01 7.12296063e-01
 8.88557084e-01 9.96415336e-01
 2.09382115e-01 2.04476528e-01
 1.75601657e-01 2.63924338e-01
 7.97367719e-01 4.85848562e-01
 7.24866652e-01 8.04505166e-01
 7.20975409e-01 4.39171235e-01
 6.87261883e-01 8.81645616e-01
 1.05334374e-01 7.41831420e-01
 4.36920863e-01 1.64716236e-01
 6.70517888e-02 4.10278415e-01
 8.31124106e-01 1.16567236e-01
 8.12398295e-01 3.37603885e-01
 1.43683026e-01 1.63265032e-01
 4.75919934e-01 6.77234832e-01
 6.04373936e-01 8.12425990e-02
 2.88485096e-01 2.91871749e-02
 7.21868542e-01 6.35008188e-01
 6.14909118e-01 6.43546255e-01
 6.42273506e-01 9.35444931e-01
 6.88034109e-01 2.77484672e-01
 3.47326814e-01 1.61073125e-02
 3.03238021e-01 3.53265337e-01
 7.83939942e-01 9.63232411e-01
 8.63903024e-02 7.19636698e-01
 2.91333122e-01 1.48527993e-01
 4.70544921e-01 3.80179704e-01
 1.90245565e-01 8.52529807e-01
 4.52278590e-01 2.00371430e-01
 9.93875745e-01 7.32913309e-01
 9.86424406e-01 7.61188793e-01
 1.21135056e-02 2.85598899e-01
 8.66012442e-01 2.30627914e-01
 6.21688858e-01 6.86257355e-01
 3.17026139e-01 3.88475399e-01
 5.71547089e-01 2.23737793e-01
 7.20384839e-01 6.34648160e-01
 6.68252492e-01 8.30635161e-01
 5.32681575e-01 3.49221334e-01
 2.43899443e-01 9.39601879e-01
 4.71630146e-01 4.00175963e-01
 3.38603874e-01 7.03784386e-03
 3.70495491e-01 6.21966645e-01
 4.74103701e-01 6.52979427e-01
 7.93173076e-01 2.31151003e-01
 1.79865950e-01 4.27586654e-01
 5.38529968e-01 8.26394977e-01
 4.23422470e-01 7.96226999e-01
 7.01056689e-01 3.04955989e-01
 6.72997620e-01 8.00575972e-01
 5.41969124e-01 2.14296169e-01
 4.38229113e-02 5.40591094e-01
 2.32760600e-03 3.36232754e-01
 9.17659218e-01 1.95657906e-01
 2.68537719e-01 8.14893342e-01
 6.28297464e-01 8.24765819e-01
 6.96497170e-01 4.60251881e-01
 5.62696025e-01 6.49396037e-01
 7.05409796e-01 6.44517079e-01
 2.30548130e-02 2.37713293e-02
 2.58027100e-01 4.98962417e-01
 5.35399448e-03 8.08232115e-01
 2.06039133e-01 5.37651937e-01
 7.59772362e-01 1.89867302e-01
 1.04906223e-01 9.77577998e-01
 7.34619023e-01 1.19208522e-01
 6.64152635e-01 6.47025563e-01
 5.39165388e-01 7.85883622e-01
 6.60822722e-02 5.89879193e-01
 6.83748860e-01 4.60833669e-01
 3.67209252e-01 9.98151360e-01
 8.43250089e-01 4.07577340e-01
 9.13006033e-01 5.70238070e-01
 6.76605915e-01 6.55326851e-01
 1.02122289e-01 6.21636859e-01
 6.77251169e-01 5.38751252e-01
 8.96930222e-01 9.83206767e-01
 6.12586153e-01 9.04191312e-01
 8.33153443e-02 7.68544723e-01
 9.11649296e-01 2.43826589e-01
 9.77292774e-01 3.86136514e-02
 5.11543817e-01 5.55291526e-01
 9.96666638e-01 4.81155778e-01
 5.73954417e-02 3.50270994e-03
 1.14065212e-01 5.67344536e-01
 6.95721002e-01 4.86464799e-01
 5.63563296e-01 4.26252760e-01
 1.10782579e-01 5.48953020e-01
 5.28362462e-01 6.42984809e-01
 7.54457882e-01 9.97155355e-01
 3.48363525e-01 1.14411441e-01
 8.98263512e-01 9.23234438e-01
 6.45105185e-01 5.58127914e-01
 8.95453445e-01 5.72815343e-01
 7.44183549e-01 3.09276992e-01
 7.00783924e-01 5.96692300e-01
 4.70973516e-01 3.86446042e-01
 7.76796238e-01 5.63012800e-01
 6.27572387e-02 5.41508705e-01
 4.76673146e-01 7.51170379e-01
 4.64907195e-02 9.89700325e-02
 5.59193437e-01 4.18429324e-02
 2.93983960e-01 9.99861508e-01
 3.31495894e-01 7.60082288e-01
 2.02356991e-01 9.83649875e-01
 4.32311724e-01 3.42210629e-01
 9.84457140e-01 1.27921249e-02
 2.11832551e-01 8.06031190e-01
 8.38913445e-01 5.74015064e-01
 9.34205754e-02 4.91228589e-03
 6.08662587e-01 8.23044901e-01
 2.82120513e-01 2.46491212e-01
 9.26364899e-01 8.40477839e-02
 6.31633367e-02 4.23113255e-02
 5.96258478e-01 5.39138246e-01
 7.41585069e-01 2.20104409e-01
 9.07983339e-01 7.21814060e-01
 8.05608361e-01 4.41409932e-01
 2.08877522e-01 6.62807990e-01
 7.79303265e-01 9.94978006e-01
 7.52160244e-01 4.10163830e-01
 8.04457270e-01 3.53476539e-01
 3.35080332e-01 1.99439356e-01
 2.91245157e-01 5.36637752e-01
 4.73248106e-01 1.80558274e-01
 2.24423995e-01 1.93576109e-01
 4.52549808e-03 3.04919406e-01
 8.69453412e-01 1.75066944e-01
 8.83117938e-01 5.36426193e-01
 2.39474747e-01 6.92258682e-01
 2.78550894e-01 6.12833027e-01
 7.38126081e-01 6.45975151e-01
 5.44713214e-01 6.24005991e-01
 9.86822248e-02 6.76179083e-01
 8.91077620e-01 9.96769407e-01
 7.17206748e-01 1.42191178e-02
 9.56496445e-01 6.94730427e-01
 9.46942232e-01 1.86655925e-01
 1.34312014e-01 4.16936299e-01
 1.34672279e-01 7.75629892e-01
 9.68790195e-01 3.07872276e-02
 7.88580514e-02 8.48255397e-01
 8.92844214e-01 1.21824220e-01
 4.83250587e-01 8.57647303e-01
 7.92000617e-01 1.69971094e-01
 7.36178042e-02 7.75836188e-01
 8.76947645e-01 6.23542201e-02
 1.73921630e-01 9.59285220e-01
 9.48717281e-01 3.65363730e-01
 7.85332325e-01 2.05116974e-01
 3.88254797e-01 3.67102283e-01
 4.20294143e-01 4.64841574e-01
 7.22986842e-01 8.87820967e-01
 2.34409949e-01 3.37951140e-01
 5.05908873e-01 4.52070346e-01
 8.32911078e-01 7.65822292e-01
 4.08959736e-01 6.06897702e-01
 4.42198904e-01 6.45174132e-01
 7.57409314e-01 5.13060030e-01
 8.94409988e-01 8.06775035e-01
 4.32889037e-01 2.45608121e-01
 6.00794016e-01 1.72623099e-01
 7.53343726e-01 7.45445524e-01
 6.84120928e-01 6.99297970e-01
 3.91198500e-01 8.05453140e-01
 6.86132201e-02 8.75010770e-01
 9.47566145e-01 3.60273095e-02
 4.37014904e-01 9.27265866e-01
 5.73659938e-01 2.43286874e-01
 1.38064788e-01 9.36610856e-01
 5.81055582e-01 6.16710481e-01
 2.99454083e-03 7.83807175e-01
 6.41602936e-01 6.49357954e-01
 1.13488921e-01 8.50898440e-01
 1.47035452e-01 5.55635589e-01
 9.43273612e-02 7.94350758e-01
 5.00679490e-01 4.65472529e-01
 1.81040793e-01 5.59815280e-01
 2.56317107e-01 7.80275007e-01
 2.58708408e-01 7.94209131e-01
 2.39527849e-01 6.46293103e-01
 6.84191118e-01 8.47145875e-01
 4.56335086e-01 3.94773652e-01
 3.15424240e-01 4.23912379e-01
 6.75080192e-01 6.32589230e-01
 7.81166316e-01 7.62891607e-01
 6.62729870e-01 4.31058889e-01
 8.04350881e-01 9.73049125e-03
 5.10708684e-01 6.87841361e-01
 9.99962957e-01 5.87723836e-01
 8.67199066e-01 7.26328625e-01
 3.96926557e-03 4.38763766e-01
 8.26256911e-01 7.48863816e-02
 2.02760601e-01 5.03635086e-01
 1.90211733e-01 6.01968155e-01
 3.32819232e-01 6.49351318e-01
 4.36470802e-01 3.00039191e-02
 5.08632490e-02 4.49214984e-01
 4.13526352e-02 3.63854622e-01
 7.88745490e-01 7.15935821e-01
 8.55326493e-01 8.61635554e-01
 2.96284100e-01 5.65117863e-01
 1.82801938e-01 6.29490420e-01
 2.76749161e-01 4.79862878e-01
 3.32691704e-01 5.52489526e-01
 3.91823407e-01 1.49991777e-01
 4.34748930e-01 3.28870236e-01
 5.58709762e-01 6.95997637e-01
 1.87036719e-01 4.37918183e-01
 2.35629326e-01 7.18933342e-01
 6.29420168e-01 6.38227226e-01
 3.34917933e-01 1.28472973e-01
 7.22298621e-01 2.80612138e-01
 6.04069108e-01 3.23842469e-01
 5.41395603e-02 1.55621002e-01
 3.83140109e-01 4.85743102e-01
 4.64330719e-01 5.04702492e-01
 9.55906741e-01 7.82400102e-03
 8.31384826e-02 3.12980685e-01
 5.58897779e-01 2.94184821e-01
 3.74056642e-01 6.73083209e-01
 1.86799115e-02 7.51398601e-01
 6.32390885e-01 2.13704937e-01
 6.70515919e-01 5.66815235e-01
 7.49578434e-01 2.35363100e-01
 4.22415664e-01 4.54953142e-01
 6.98380621e-01 2.73909005e-01
 2.70312371e-01 2.36859599e-01
 7.75709890e-01 6.28757414e-01
 3.08751380e-01 3.45118618e-01
 4.94233296e-01 7.36945595e-01
 3.52734088e-01 3.52103505e-01
 1.58345038e-01 3.84760328e-01
 3.96956165e-01 8.32543519e-01
 9.33085182e-01 8.59956005e-01
 5.84188548e-01 3.67327299e-01
 5.35181695e-01 8.37727386e-01
 1.53216831e-01 4.19936100e-01
 1.35645090e-01 5.13416628e-02
 9.68387146e-02 6.56166688e-01
 6.69363988e-01 1.12489831e-01
 6.13527439e-01 8.12738501e-02
 4.99393707e-01 6.74581172e-01
 6.57931335e-01 6.29816787e-01
 8.59996481e-01 6.55161350e-02
 6.70276981e-01 3.74012304e-01
 6.82263768e-01 7.90785510e-01
 9.71932581e-01 9.62182670e-01
 1.91620169e-01 5.73297208e-02
 8.48142540e-01 2.09179422e-01
 3.89225557e-01 8.12053051e-01
 6.57578226e-01 1.93760385e-01
 3.41376278e-01 8.77621772e-01
 8.38822999e-01 1.99710752e-01
 2.75240790e-01 4.22980583e-01
 5.85244444e-01 9.17797900e-01
 5.58790770e-01 7.43281920e-01
 9.75120822e-01 5.98615947e-01
 4.61335179e-01 5.37707508e-01
 3.66724576e-01 4.88499492e-01
 3.92454411e-01 7.31656544e-01
 6.46703274e-01 1.84858066e-01
 6.43826220e-01 9.62738116e-02
 2.19790265e-01 5.98900013e-01
 2.05060601e-03 7.25759070e-01
 1.51928780e-01 5.31659990e-01
 4.58811999e-01 8.87041020e-01
 4.54848151e-02 6.40442992e-01
 9.05154309e-01 5.59899184e-01
 7.63202277e-01 7.44596661e-01
 7.41149077e-01 9.08327384e-01
 8.10347126e-01 1.27860525e-01
 6.55269823e-01 6.38696690e-01
 5.19117343e-01 2.14267235e-02
 9.90666177e-02 6.34232828e-01
 5.66282694e-01 1.13365592e-01
 1.01530055e-01 4.99021714e-01
 5.85070874e-01 1.13867446e-01
 9.61817579e-01 8.99953101e-01
 6.85730437e-01 5.06972909e-01
 3.79170531e-01 6.17483649e-01
 6.51899898e-01 3.05674821e-01
 3.97436421e-01 7.53244583e-01
 8.99613507e-01 9.45143080e-01
 6.05581344e-01 7.67826262e-01
 8.00386851e-02 6.87587614e-01
 5.24157469e-01 6.85280715e-01
 1.57879252e-01 6.24505636e-01
 6.77824577e-01 8.57507406e-01
 7.06976606e-01 3.42428649e-01
 1.93830270e-01 3.27690171e-01
 6.43892031e-02 2.25010832e-01
 7.20710041e-01 1.56507130e-01
 1.43168124e-01 5.90700556e-01
 4.81934789e-01 8.40134142e-02
 7.91551509e-01 2.85356057e-01
 6.66510051e-01 4.94237319e-01
 9.07790155e-01 2.05409019e-01
 2.27805146e-01 8.60672767e-01
 6.67827081e-01 5.63148094e-01
 6.69067559e-01 7.77340529e-01
 7.69655955e-01 8.56552482e-01
 4.71235040e-01 1.73615872e-01
 7.28253744e-02 1.04669673e-01
 2.99137379e-01 3.05000973e-01
 5.26946895e-01 4.66358235e-01
 7.95833061e-01 2.27589493e-01
 3.38777773e-01 1.79422009e-01
 7.80844444e-01 1.05355812e-01
 3.95661790e-01 8.88620962e-01
 5.38526357e-01 2.95394394e-01
 8.51193574e-02 1.73376619e-01
 6.64715462e-02 2.13567085e-01
 5.29564692e-01 2.25339109e-01
 9.62384368e-01 2.62601063e-01
 7.00820708e-01 1.96663640e-01
 9.29294005e-01 8.19996324e-01
 1.81420034e-01 2.41831669e-01
 1.09290819e-01 4.86443017e-01
 6.91784730e-01 5.29637975e-01
 1.25593531e-01 4.35874793e-01
 4.03078680e-01 5.58171964e-01
 3.25808277e-01 9.74494148e-01
 3.26124383e-01 6.62371538e-01
 2.02387934e-01 6.06721063e-01
 8.05699594e-01 4.17763331e-01
 8.50476843e-01 5.94338497e-01
 7.98823511e-01 5.89041758e-01
 2.39012347e-01 4.34015691e-01
 1.17230390e-01 4.24984356e-01
 1.19072702e-02 3.14624256e-01
 7.14782078e-01 4.33773541e-01
 4.91344483e-01 1.74771824e-01
 3.05385704e-01 4.57475676e-01
 5.25846393e-01 7.63905377e-01
 5.75266575e-01 8.88759513e-01
 4.78837711e-01 1.48250003e-01
 4.20856793e-01 7.64682189e-01
 3.76157378e-01 9.44557173e-01
 3.82793731e-01 8.26498932e-01
 6.97389829e-01 1.47209193e-01
 2.22444509e-01 8.42029187e-01
 6.86035789e-02 4.68795069e-01
 9.08622829e-01 9.02597354e-01
 6.21019779e-01 1.19706186e-01
 6.82440708e-01 7.98040023e-01
 8.94241776e-01 7.42732373e-01
 7.17047696e-01 2.88140964e-01
 3.46475984e-01 3.57519816e-01
 2.18758730e-01 6.78249833e-01
 7.48687288e-01 9.74926023e-01
 1.65006466e-01 3.22506503e-01
 1.20454486e-01 7.05962612e-01
 9.15181458e-01 4.90576064e-01
 1.72987513e-01 4.89951326e-01
 1.11837654e-01 7.70225480e-01
 2.69851795e-01 5.54069732e-01
 8.49948539e-01 4.00780648e-01
 5.28346243e-01 1.75983155e-01
 5.79766217e-01 4.54280374e-01
 3.55333031e-02 4.97658113e-01
 8.69676904e-01 3.62218123e-01
 3.34585378e-01 1.09146373e-01
 6.69806253e-01 2.85493860e-01
 2.59659329e-01 1.04614516e-01
 8.34714527e-01 6.25670850e-01
 4.16436325e-01 7.28271587e-01
 3.97636666e-01 4.42559167e-01
 6.59202438e-02 1.78810433e-01
 3.31478530e-01 3.61585683e-01
 9.57009863e-02 8.47724263e-01
 3.98036250e-01 9.44755093e-01
 2.75452356e-01 5.71550485e-01
 2.64515333e-01 2.05650528e-01
 6.88937910e-01 7.80323330e-01
 2.76253070e-01 3.30877691e-01
 6.51499088e-01 5.21813574e-02
 8.46597424e-01 9.09827989e-01
 2.86921143e-01 8.60173492e-01
 9.99904581e-01 4.39432064e-01
 1.58861500e-01 3.48391279e-01
 1.66380865e-01 6.20216218e-01
 5.36089169e-03 1.34854736e-01
 5.66732378e-01 3.10079910e-01
 8.49345282e-01 1.86044454e-01
 1.04844526e-02 8.51579670e-01
 4.27925164e-02 6.50181530e-01
 4.53392332e-01 6.39073978e-01
 1.39780335e-01 7.41300637e-01
 6.19880047e-01 1.20362228e-01
 8.72903811e-01 7.78141077e-01
 8.24815443e-01 4.66922518e-01
 3.30230835e-01 2.71497490e-02
 9.46984017e-01 8.98954166e-01
 3.24467865e-01 6.96455634e-01
 9.77115325e-01 2.63984407e-01
 8.53048985e-01 1.74539256e-01
 8.15913615e-02 5.86778359e-01
 6.93431433e-01 5.97715306e-01
 1.00544090e-01 8.00194416e-01
 4.81923014e-01 1.80722227e-01
 8.01897293e-01 3.75835873e-01
 3.16780026e-01 6.08173878e-01
 4.22207816e-02 5.50622827e-01
 6.54024401e-01 2.58851371e-01
 3.35131451e-02 9.15368873e-01
 3.95636760e-01 9.67127249e-01
 8.79639039e-01 1.53933201e-01
 8.32302146e-01 7.22886103e-01
 5.36722070e-01 2.67405723e-01
 6.59850972e-01 2.42966973e-01
 4.97769012e-01 4.15391688e-01
 9.23824738e-01 2.48369011e-01
 1.69194473e-01 7.84845785e-01
 9.33520557e-01 2.06651868e-01
 6.59400772e-01 1.19269376e-02
 8.67216946e-01 3.72143386e-01
 2.38413480e-01 3.87561807e-01
 9.37357816e-01 3.52744449e-01
 7.74133836e-01 1.29983221e-01
 9.34178157e-01 2.78648173e-01
 4.57286202e-01 3.34710700e-01
 5.74608437e-02 9.33643784e-03
 9.09557323e-01 7.58786202e-01
 5.33504625e-01 3.49554827e-01
 5.38154215e-01 6.63454817e-01
 3.75541071e-01 6.07790171e-01
 5.95479191e-01 4.79789805e-01
 6.03326032e-01 8.15524319e-01
 7.18313599e-01 8.57261915e-01
 4.24538071e-01 1.35865963e-01
 5.73959537e-02 7.77963938e-01
 5.72836240e-01 5.33499373e-02
 9.64306212e-01 1.17013576e-01
 5.64456113e-03 8.54981727e-01
 1.81322784e-01 2.68405982e-01
 8.90563801e-01 2.28970914e-01
 4.37126499e-01 2.85150515e-01
 6.55938788e-01 4.30384466e-01
 4.66119715e-01 7.98485115e-02
 9.60858756e-01 2.64927369e-01
 5.09537056e-01 6.87089470e-01
 4.14540527e-01 1.40155741e-01
 9.85204190e-01 6.75765695e-01
 4.86798882e-01 3.43514774e-01
 2.33357441e-01 3.72451241e-01
 3.32413344e-02 9.34815970e-01
 1.61366970e-01 6.84950586e-01
 4.96220247e-01 5.03177976e-01
 3.17369482e-01 6.65752219e-01
 3.59317208e-01 4.22397431e-01
 9.38672113e-01 8.05856062e-01
 2.58810855e-01 1.06637676e-01
 2.08644218e-02 2.99427762e-01
 7.56511794e-01 3.37205764e-01
 4.47959638e-01 7.81304297e-01
 6.72753853e-01 7.14011291e-01
 4.65762423e-01 9.69880656e-01
 1.43483472e-01 2.01550429e-01
 7.00923765e-01 2.35534392e-01
 6.72896463e-01 5.52429562e-02
 4.13077392e-01 6.54613233e-01
 3.61991416e-01 7.67687956e-01
 2.52986998e-01 9.91582724e-01
 6.22655239e-01 2.91202739e-01
 9.56246318e-01 3.09853204e-01
 8.78007040e-01 2.12830694e-01
 5.35605700e-01 5.36088968e-01
 4.60247526e-01 6.05773756e-01
 2.33513602e-01 2.37479885e-03
 4.25255116e-01 6.79202817e-01
 9.06212195e-01 1.49779395e-01
 7.76451673e-01 1.97473487e-01
 7.61971746e-01 1.49447949e-01
 2.07732405e-01 9.21216284e-01
 4.26374118e-01 3.32428168e-01
 9.75390211e-01 2.51657768e-01
 7.76062536e-02 3.26848992e-01
 7.37308282e-01 2.55832242e-01
 4.81622576e-01 4.21826229e-01
 8.95352265e-01 6.54662742e-01
 3.42520000e-02 6.72742447e-01
 3.69171100e-01 3.39208354e-01
 4.33461981e-01 9.75615695e-01
 2.37554492e-01 6.40218815e-01
 4.17714820e-01 4.89094062e-02
 1.67607159e-01 3.90047943e-01
 5.61291866e-01 1.49810660e-01
 2.12813573e-01 4.54283796e-01
 7.59733084e-01 2.44105130e-01
 6.11102561e-01 6.44221786e-01
 7.63601765e-01 3.43564412e-01
 3.44378764e-01 4.50981686e-01
 2.92432297e-02 1.28936055e-01
 7.17180275e-01 4.17825587e-01
 4.61173515e-01 7.65868001e-01
 6.86634042e-01 6.97570444e-01
 9.76569214e-01 9.47811213e-01
 1.97763648e-01 7.14875409e-01
 5.21420982e-01 6.12719335e-01
 3.90150592e-01 6.08480690e-02
 7.16598772e-01 2.24496667e-01
 3.98562920e-01 3.12688576e-01
 9.91842247e-01 5.39926531e-01
 3.25581907e-01 3.06276559e-01
 2.65303639e-01 4.45117231e-01
 2.78105634e-01 1.02994124e-01
 4.34158343e-01 7.65777958e-01
 4.96987628e-01 8.08631237e-01
 9.21831783e-01 8.49329012e-01
 7.24248065e-01 3.06608636e-01
 8.89879774e-01 8.07885570e-01
 1.81781483e-01 6.37782570e-01
 5.11220041e-02 5.50361136e-01
 4.19407162e-01 8.75907680e-01
 4.00518348e-01 2.77265605e-01
 5.61465154e-01 2.19974815e-01
 1.20136350e-01 4.44791856e-01
 6.36406596e-01 4.75856196e-01
 1.77822607e-01 3.33806748e-01
 4.59088845e-01 6.80020295e-01
 5.43613877e-01 3.22396171e-01
 6.05750124e-01 3.40189306e-01
 6.74216615e-01 7.11548842e-01
 5.89927397e-01 7.60024193e-01
 6.41226423e-01 7.06223918e-01
 3.09282629e-01 7.76323382e-01
 1.88147999e-01 2.42504625e-02
 6.03279713e-01 9.35488807e-01
 9.48931898e-01 6.74810013e-01
 9.19117713e-01 3.44799147e-01
 6.41414826e-01 3.25740859e-01
 7.18011530e-01 4.03398422e-01
 1.51099234e-01 4.84259426e-01
 9.01066624e-01 8.22318453e-01
 2.52181100e-01 5.69174042e-01
 8.98908286e-01 1.69613526e-01
 7.69571626e-01 1.37579481e-01
 7.03224123e-01 9.97736882e-01
 6.03696283e-01 3.31594094e-01
 9.98564367e-01 8.78163024e-01
 6.66280559e-01 7.43352405e-01
 4.59486589e-02 3.04098939e-01
 3.21352588e-01 9.98518495e-01
 6.12900021e-01 8.35426932e-01
 9.65894406e-01 1.39487620e-01
 3.01914266e-01 7.38953291e-01
 7.64841148e-01 6.29279282e-01
 4.50941859e-01 9.83825983e-01
 5.20578031e-01 8.00163684e-01
 6.50024919e-01 8.12949411e-01
 5.48092458e-01 1.89402002e-01
 8.52764538e-01 2.36389167e-01
 4.41617767e-02 1.64038906e-01
 4.31141397e-01 8.93619708e-01
 6.92972544e-01 6.19071381e-02
 1.82523128e-01 2.96126796e-01
 2.32788495e-01 2.62537998e-01
 2.26260475e-01 9.90426953e-01
 3.77289829e-01 9.48737157e-01
 9.36406875e-01 8.82699105e-01
 5.48092260e-01 4.16467277e-01
 2.82779715e-01 7.14432153e-01
 9.66425847e-01 3.46645203e-01
 3.29704779e-01 3.90182483e-01
 4.19912947e-01 8.95692068e-01
 5.68366584e-01 5.17986752e-01
 3.46636827e-02 9.77949400e-01
 3.36447663e-01 9.84048915e-01
 5.75563872e-01 8.42099852e-01
 2.95238804e-01 3.67588316e-02
 5.26532260e-01 9.61059811e-01
 5.95238147e-02 3.68171893e-02
 3.24405786e-01 7.58396727e-01
 3.13341649e-01 1.55164310e-02
 2.18551078e-01 1.13299028e-01
 7.34026612e-01 2.69812113e-01
 1.62595254e-01 5.90377016e-01
 3.31239100e-01 3.22858691e-01
 5.78917587e-01 3.64901113e-01
 7.08974201e-01 3.88535937e-02
 7.83219986e-01 9.64504942e-01
 6.49703640e-01 9.86557466e-01
 8.48497168e-01 2.93482686e-01
 4.06695653e-01 7.76327826e-01
 3.18346193e-01 9.40514246e-01
 4.45756224e-01 2.76154655e-01
 1.81016273e-01 4.95426213e-01
 8.74101974e-01 7.70007538e-01
 8.10096554e-01 2.70384344e-01
 3.10217943e-01 7.39001526e-02
 7.67748191e-01 2.73118967e-01
 6.91274127e-01 7.18412216e-01
 3.35692494e-01 6.99940127e-01
 9.10332466e-01 4.95054536e-01
 3.60448749e-01 1.48375190e-01
 1.81210413e-01 9.20397419e-01
 5.24135950e-01 4.36296297e-01
 7.44713068e-01 9.86703190e-01
 6.47767509e-01 2.69565477e-01
 6.80404268e-01 5.24789123e-01
 6.71035897e-01 1.53466539e-01
 9.10475745e-01 6.08508362e-01
 9.13155041e-01 2.64462243e-01
 8.78715760e-01 9.51352714e-01
 9.79037361e-01 2.21967921e-01
 6.61797607e-01 1.43064732e-01
 9.07132311e-01 2.93286825e-01
 6.34101030e-01 5.93219056e-01
 4.15905186e-02 9.88654679e-01
 9.48997441e-01 7.76893679e-01
 9.74083163e-01 7.10248138e-01
 7.14483312e-01 8.72627619e-01
 8.33498280e-01 7.60723086e-01
 4.06393950e-01 1.81309449e-01
 4.72930058e-01 2.01753633e-01
 9.69167046e-01 5.84238545e-01
 2.90657302e-01 4.97297731e-01
 8.56777297e-01 7.47346194e-01
 9.95436941e-01 6.71474569e-01
 4.53254610e-02 1.45233575e-01
 7.42049213e-02 2.58953065e-01
 7.90101044e-01 5.20155369e-01
 5.08967306e-01 9.49611914e-01
 9.94831475e-01 2.16403522e-01
 7.00510601e-01 2.03359461e-01
 7.51098954e-01 9.43796157e-01
 2.98109663e-01 6.48786594e-01
 9.58080024e-02 4.83606421e-01
 8.49650829e-02 6.53337628e-01
 2.90743204e-01 7.60278368e-01
 9.36963980e-02 5.28640507e-01
 6.81287274e-01 6.85794762e-01
 5.39210511e-01 5.11390562e-01
 5.88242732e-01 9.05639048e-01
 6.83207151e-01 9.07233310e-02
 5.34180283e-01 9.59696721e-01
 4.12640915e-01 6.04333463e-01
 9.82473260e-01 6.35831688e-02
 7.58316621e-01 8.48524252e-01
 4.70469358e-01 3.64506867e-01
 4.80724059e-01 1.04324133e-01
 2.44561105e-01 2.77282669e-01
 1.09307800e-01 2.53502459e-01
 3.01046939e-01 5.09082617e-01
 8.64428971e-01 2.27890700e-01
 5.47713076e-01 1.71342134e-01
 5.42128319e-01 9.99550858e-01
 8.75267981e-01 3.09096487e-01
 9.20050248e-01 8.93118276e-01
 5.92437029e-01 6.34621632e-01
 2.78185591e-01 8.19040711e-03
 2.77460173e-01 1.96448906e-01
 1.84411058e-01 3.65407589e-01
 9.30205074e-01 2.58743828e-01
 3.54740663e-01 7.65479802e-01
 6.90113203e-01 9.88439533e-01
 4.09130988e-01 2.24519963e-01
 8.47051822e-01 9.18644309e-01
 3.42158969e-02 4.02251327e-01
 3.84542541e-01 4.04146413e-01
 8.44909532e-03 7.69683345e-01
 1.53187545e-01 8.57089332e-01
 1.48109959e-01 3.35159204e-01
 1.22386378e-01 1.48226490e-03
 2.44028889e-01 8.33143486e-01
 6.81078283e-01 7.98009837e-01
 2.60931558e-01 2.96314817e-01
 6.41298297e-01 7.91800818e-01
 6.71632646e-02 2.66229891e-01
 8.54916745e-01 3.85862580e-01
 8.29630997e-01 1.92742951e-01
 6.06633560e-03 8.17816512e-01
 7.68661200e-01 7.89959520e-01
 3.09210705e-01 6.46999732e-01
 6.43110983e-01 5.33775086e-01
 3.81392073e-01 9.59046970e-01
 4.65817482e-02 3.75875853e-01
 4.09185500e-01 6.88788412e-01
 7.17677479e-01 1.99273376e-01
 4.90518089e-01 7.92816070e-01
 8.30742194e-01 8.10358290e-01
 6.53578973e-01 7.85413094e-01
 4.00192629e-02 8.06125355e-01
 4.46533425e-01 1.07237581e-01
 8.97784596e-01 6.60852330e-01
 3.20730126e-01 4.77515572e-02
 7.87221760e-02 3.93777678e-01
 9.24049241e-01 6.29832103e-01
 6.72235024e-01 3.33422838e-01
 5.04684675e-01 5.85796497e-01
 3.59462443e-01 8.24089022e-01
 6.46154528e-01 3.23439470e-01
 2.94116548e-01 9.29216075e-01
 6.09567623e-01 7.18217482e-01
 5.11765828e-02 2.76278905e-01
 5.51745153e-01 5.24090046e-01
 5.69332393e-01 4.26566311e-01
 7.54447155e-01 2.43114884e-01
 1.16893425e-01 4.66024696e-01
 5.07980819e-01 1.63934001e-01
 9.45018055e-01 4.63323886e-01
 3.84628433e-01 2.84642706e-03
 4.47813122e-01 3.80202338e-01
 9.93510748e-01 3.65836398e-01
 6.67710493e-02 5.69757555e-03
 2.42464051e-02 8.13878925e-01
 8.40394024e-01 9.33683137e-01
 7.98934456e-01 2.87697354e-01
 3.34914665e-01 9.55124426e-01
 3.19463919e-01 1.94506493e-01
 5.67617148e-01 4.05481494e-01
 7.95916601e-01 9.14260887e-01
 7.98853232e-01 6.81235774e-01
 4.64164013e-01 7.21235422e-01
 8.71044487e-01 9.71877029e-01
 3.79762631e-01 2.18127270e-01
 1.48100436e-01 8.14103225e-01
 3.63019337e-01 1.21861509e-01
 7.83322215e-01 5.70766162e-01
 6.87462602e-01 5.32042011e-02
 2.97328062e-01 5.55752259e-03
 8.26715504e-01 4.55221007e-01
 6.18716665e-01 8.20320797e-01
 8.09803464e-01 8.11749329e-01
 2.45339275e-01 1.64242159e-01
 5.69508591e-01 5.74129325e-01
 1.98500371e-01 8.25983966e-01
 8.67917483e-01 4.13758016e-01
 7.66846273e-01 2.19323834e-01
 3.27316706e-03 9.77582356e-01
 9.72133091e-01 4.29801808e-01
 1.68943661e-01 9.41364701e-01
 6.97115283e-01 6.47987312e-01
 8.56210358e-01 8.94224126e-01
 9.45417826e-01 4.14772400e-01
 3.09063402e-01 4.82231704e-01
 8.14046566e-01 8.75150131e-01
 6.55408715e-01 4.46550304e-02
 2.35931000e-01 2.07382615e-02
 1.27314109e-01 1.98508794e-02
 4.88353026e-01 3.96674391e-01
 8.13583446e-01 4.08057822e-01
 6.92997724e-01 8.83678854e-01
 4.35969375e-01 6.18480001e-01
 8.95451291e-01 2.10907994e-01
 2.39227967e-01 9.25128545e-01
 1.08823536e-01 6.14646616e-01
 9.04453442e-01 1.33981874e-01
 1.78375575e-01 1.34465808e-01
 5.48863032e-01 9.50697268e-02
 2.01282707e-01 8.19494980e-01
 6.83538380e-01 5.55910071e-01
 8.01975016e-01 6.90251250e-01
 1.83804486e-01 3.46212697e-01
 7.71933269e-01 9.32167644e-01
 4.86012124e-01 4.44156702e-01
 8.99437793e-01 1.44258361e-01
 3.75499945e-01 4.86183899e-02
 1.84799194e-01 3.14862766e-01
 3.39843803e-01 1.06668881e-02
 6.78625144e-01 3.76464788e-01
 9.12987244e-01 9.74861292e-01
 1.55017750e-01 6.48097190e-01
 5.01457151e-01 5.53814243e-02
 4.56126325e-02 8.28276607e-01
 9.65429284e-01 8.63573926e-02
 6.76477216e-01 4.56710239e-01
 8.23771962e-01 1.67530632e-01
 8.71875383e-01 3.16383071e-01
 4.19419042e-01 6.42917714e-01
 3.14774627e-01 1.84668127e-01
 8.54600728e-01 4.63959578e-01
 1.73738276e-01 6.73637178e-02
 1.02714312e-01 2.73952780e-01
 7.61306759e-02 9.77690457e-01
 8.90941001e-01 9.17221301e-01
 1.08342933e-01 9.48859834e-02
 3.34086391e-02 3.42931841e-01
 5.45687096e-01 5.35298931e-01
 7.56796908e-01 7.82316869e-01
 3.77528202e-01 2.02563729e-01
 9.46574215e-01 5.98031941e-01
 2.02945844e-02 7.86400300e-02
 3.37228058e-01 5.88055731e-01
 2.33242195e-01 9.75178930e-01
 9.83830511e-01 6.56434954e-01
 1.40367702e-01 4.04536762e-01
 1.66832032e-02 6.96306216e-03
 5.17908388e-01 9.01161911e-01
 1.14650686e-01 7.80815998e-01
 2.49367470e-01 5.37562386e-01
 8.59658162e-01 3.40216481e-01
 5.58742879e-01 3.60342517e-01
 9.95578267e-01 3.44946651e-01
 4.28943571e-01 9.09116806e-01
 8.96760315e-01 6.39572517e-01
 1.83887669e-01 2.10056408e-01
 6.54710458e-01 7.07353380e-01
 2.33749734e-01 7.13422279e-01
 1.61725622e-01 7.15926329e-01
 5.49378698e-01 4.29364787e-01
 3.19419290e-01 8.33883932e-03
 8.41714951e-01 7.43252191e-01
 7.90957620e-01 8.28119256e-01
 2.96369846e-01 7.41903833e-01
 3.07316476e-01 4.28642127e-01
 6.79877392e-01 4.59071435e-01
 9.54699009e-01 9.52610286e-01
 3.50892618e-01 2.24360254e-01
 7.23279406e-01 2.51331462e-01
 4.10494978e-01 8.15274322e-01
 6.57562391e-01 2.62415279e-01
 9.07149351e-02 6.53290267e-01
 8.71989661e-01 5.15922414e-01
 7.90690575e-01 3.39246107e-02
 3.72563413e-01 4.88129992e-01
 5.18193565e-01 7.48948721e-01
 2.50335934e-01 5.49736283e-01
 3.67392255e-01 7.53921825e-01
 7.55905709e-02 4.28832474e-01
 9.79575513e-01 4.36947002e-01
 9.24476866e-01 8.02152035e-01
 7.40694716e-01 9.85394479e-01
 6.85262714e-01 4.48751682e-01
 5.84538052e-01 8.74464226e-01
 5.50178233e-02 5.81641682e-01
 1.84309159e-02 8.90953212e-01
 5.63661696e-01 9.24607955e-01
 7.30442111e-01 8.55259875e-01
 1.54333011e-01 8.53620890e-01
 8.62283129e-01 2.94990459e-02
 7.10282636e-01 8.41698723e-01
 5.69771943e-01 8.32753414e-01
 8.65516961e-01 2.39961814e-01
 6.40041729e-01 1.06865351e-01
 4.55148764e-01 6.55490003e-01
 5.11570649e-01 6.10454270e-02
 6.08402942e-01 3.30227371e-01
 1.25298498e-01 2.22133661e-02
 6.55909383e-01 6.83099247e-01
 3.55831600e-01 1.44133436e-01
 1.47295052e-01 1.02470798e-01
 9.39220709e-01 8.32669864e-01
 4.13017203e-01 3.89503654e-01
 1.82062661e-01 7.89727798e-01
 1.34673506e-01 6.86528792e-01
 4.57684901e-01 7.50140174e-02
 3.36755395e-01 1.61086637e-01
 7.42643812e-01 2.36973018e-01
 5.43156032e-01 5.37985274e-01
 7.71511893e-01 8.69189859e-01
 7.35710021e-01 8.92285571e-01
 1.44900194e-02 1.23766858e-01
 2.54721117e-01 8.28457588e-01
 7.71769353e-01 8.92716077e-01
 7.24585889e-01 7.79688306e-01
 1.72717281e-01 4.78285238e-02
 3.42714018e-02 6.21127952e-01
 8.93634654e-01 4.98640524e-01
 9.34264710e-01 5.34665848e-01
 4.04033582e-01 7.68814975e-01
 5.50210577e-01 8.55115594e-01
 6.71136832e-01 7.26111790e-01
 5.48470746e-01 1.79535785e-01
 4.83952343e-01 8.63332428e-01
 1.98538644e-01 2.62339625e-01
 8.80772801e-01 1.38357276e-01
 4.93684170e-01 1.16470802e-01
 9.65239630e-01 8.86424753e-01
 9.52656402e-01 3.92363350e-01
 5.78104851e-01 4.39697601e-01
 7.41364097e-01 8.93905013e-01
 4.58059957e-01 6.62451443e-01
 8.88210049e-01 3.26814519e-03
 7.49090946e-01 1.83556257e-01
 7.40408636e-01 5.07322231e-01
 4.17570086e-01 7.80597129e-01
 9.83404858e-01 2.76819403e-01
 4.69385794e-01 9.32512206e-01
 5.08992385e-01 7.48615374e-01
 4.15330024e-01 1.43160175e-01
 8.24027731e-01 2.33669201e-01
 8.16077321e-02 7.67742657e-01
 8.65240475e-01 8.14937377e-01
 3.05686348e-01 8.73672791e-01
 2.35204937e-01 7.42223507e-01
 3.49710967e-01 3.08065772e-01
 8.96720137e-01 5.28345027e-01
 6.18261212e-01 8.93984753e-01
 4.64177049e-01 2.82183044e-01
 7.51449879e-01 5.55096783e-01
 2.28899691e-01 4.93623707e-01
 5.96545801e-01 9.14540242e-01
 4.41105218e-01 4.43033468e-01
 2.34436064e-01 2.63901536e-01
 4.05078937e-03 1.79272514e-01
 9.07323299e-02 7.53001076e-01
 1.59595392e-01 7.86803606e-01
 2.99562937e-01 2.90426998e-01
 3.83758044e-01 1.97902215e-01
 9.76440106e-01 9.13382419e-01
 5.94630237e-01 2.56802171e-01
 3.83094098e-01 3.82601498e-01
 2.97445158e-01 2.20133212e-01
 6.23087162e-01 7.11069496e-02
 4.92435520e-01 8.40287104e-01
 2.72272072e-02 4.60777096e-01
 4.02086875e-01 2.57126759e-01
 2.82311642e-01 9.30091638e-01
 7.59032015e-01 3.46264858e-01
 1.89530543e-01 3.08059774e-01
 7.49528120e-02 9.81002000e-01
 8.34361866e-01 8.81912347e-01
 2.43416017e-01 1.94467222e-01
 3.28004864e-01 1.54732042e-01
 5.42484060e-01 6.02487945e-01
 7.60919806e-01 3.36817698e-01
 2.95804337e-01 5.54751718e-01
 7.07932969e-01 1.35494896e-01
 4.33913908e-01 6.32851541e-02
 2.14128595e-01 4.35605257e-01
 8.62944968e-01 7.27773294e-01
 8.10912416e-01 7.39056084e-01
 9.29417697e-01 4.25708230e-01
 3.41175594e-01 9.73672694e-01
 3.74571118e-01 3.90247337e-01
 1.95551547e-01 1.87168637e-01
 8.01797432e-01 9.09279248e-01
 5.98993269e-01 9.03171672e-01
 8.78494825e-02 9.98195044e-01
 2.15657179e-01 7.13839078e-01
 6.24450421e-03 5.84446366e-01
 7.19683873e-01 5.31114187e-01
 4.96617630e-01 5.60272754e-01
 4.13164455e-01 4.22304875e-01
 3.49296485e-01 6.26798359e-01
 2.68887211e-02 3.83203307e-01
 8.09683487e-01 4.48476490e-01
 9.58477031e-01 4.55697411e-01
 5.18028659e-01 1.82155033e-01
 4.61797189e-02 2.28906428e-01
 4.39625629e-01 8.52039061e-02
 7.32364006e-01 7.90605049e-01
 6.58628971e-01 9.09602376e-01
 4.35316768e-01 6.52960200e-02
 8.93275180e-01 3.04016817e-01
 9.61950997e-01 2.27847407e-01
 3.68004975e-01 8.80485403e-01
 2.39085445e-01 7.11216541e-01
 3.40483410e-01 2.75797662e-01
 2.23710563e-01 1.05348359e-01
 1.03734288e-02 1.88491491e-01
 9.98013257e-01 3.43580961e-01
 6.34405174e-01 2.98178828e-01
 4.77940172e-01 1.51129908e-01
 7.88546488e-01 2.79600648e-01
 8.56003617e-01 5.20144276e-01
 8.99116397e-01 1.71349339e-01
 5.70979317e-01 4.33861230e-01
 8.86035817e-01 5.67828606e-01
 5.60235368e-02 6.84674330e-01
 8.04423936e-01 3.00198462e-01
 6.00816091e-01 2.80175875e-01
 9.90760777e-01 6.26734490e-01
 3.38230427e-01 5.00401047e-01
 9.37558901e-01 6.69161058e-01
 6.25882173e-01 5.25596853e-01
 3.46542256e-01 7.90509540e-01
 2.58104568e-01 6.18938389e-01
 6.73795702e-01 2.80393857e-01
 5.74531102e-01 6.36775260e-01
 4.66484532e-01 6.11149644e-01
 4.62216689e-01 6.91146760e-01
 3.64062157e-02 8.94934760e-01
 4.65248920e-01 2.29962755e-01
 7.83302485e-01 7.02162871e-01
 8.74150156e-01 7.65777987e-01
 1.72181683e-01 8.18621952e-01
 3.92351216e-01 4.41992425e-01
 3.92206550e-01 1.45920807e-01
 6.58525633e-01 9.53350079e-02
 6.52635226e-01 3.35246446e-01
 4.21110759e-01 3.43395663e-01
 4.78586546e-01 6.63118252e-01
 7.28676167e-01 7.29035745e-01
 9.89537250e-01 1.67125774e-01
 1.37346216e-01 5.57743441e-01
 9.70531662e-01 5.30086834e-01
 1.84140902e-01 5.10442809e-01
 2.05557331e-02 3.84016812e-01
 8.80659849e-02 8.08874040e-01
 7.11692100e-01 7.81794121e-01
 8.75540656e-01 8.34753604e-01
 8.06343001e-01 4.58129204e-01
 1.93094395e-01 9.14369972e-01
 4.42422574e-01 6.15914494e-01
 6.29317434e-01 3.06302195e-01
 7.45814573e-01 6.76273912e-01
 7.08544746e-01 7.31652515e-01
 3.17951472e-01 2.96685201e-01
 7.01898501e-01 2.51201963e-01
 2.38716831e-01 6.54249955e-01
 2.82775191e-03 6.49550597e-01
 5.20083188e-01 6.01577768e-01
 3.07634609e-01 2.47990148e-01
 4.07265916e-01 3.09496135e-01
 2.79445280e-01 4.69560582e-01
 6.42611509e-01 4.28289567e-01
 7.50297264e-01 1.09046711e-02
 8.97580078e-01 2.16286848e-01
 4.76776783e-01 5.96538739e-01
 2.02314594e-01 4.03218176e-01
 8.18366079e-02 2.80822274e-01
 1.20404978e-01 9.77820015e-02
 8.50697303e-01 3.97925460e-01
 5.89334754e-01 8.17691342e-01
 5.04861827e-01 8.51260533e-01
 1.71306314e-01 7.82427952e-01
 8.51064340e-01 8.54802587e-01
 3.03807670e-01 4.85366434e-01
 8.94119984e-01 8.67584310e-01
 2.70700376e-01 3.00952050e-02
 9.34167133e-01 1.61991874e-01
 3.17425418e-01 1.00550683e-01
 5.77983157e-01 5.45378309e-01
 8.13557242e-01 8.94830131e-01
 2.32162621e-01 7.80543454e-01
 8.54632844e-01 7.84518427e-01
 6.10068195e-01 8.90619001e-01
 6.86870503e-01 5.17299734e-02
 8.86995995e-01 2.54225270e-01
 2.45169171e-01 9.31822983e-01
 9.28695352e-01 1.30963901e-01
 2.20701976e-01 6.91335609e-01
 4.22583236e-01 6.50664718e-01
 4.95133929e-01 4.33135061e-01
 9.16166505e-01 2.73741254e-01
 3.86294698e-01 2.28342328e-01
 4.57829729e-01 5.79047663e-01
 7.58081276e-01 7.33819227e-01
 7.71180530e-01 6.85641791e-01
 4.72539238e-01 7.71761618e-01
 9.05381071e-01 1.03670917e-02
 4.55193253e-01 7.66119681e-01
 2.61357966e-01 2.15180375e-01
 8.52985018e-01 7.87126261e-01
 2.26444052e-02 9.64132044e-01
 7.18424014e-01 3.67311727e-01
 5.32234230e-02 8.84492987e-01
 8.50627132e-01 5.64818848e-01
 8.69235414e-01 2.29388311e-01
 6.22585499e-02 7.06599232e-01
 6.90313673e-01 7.11232319e-01
 3.82368802e-01 4.03094580e-01
 9.64840246e-01 8.24682937e-02
 1.11649647e-01 3.24685925e-02
 7.70161820e-01 6.06016749e-01
 5.72612517e-01 4.29558819e-01
 2.59089088e-01 6.10911158e-01
 5.10181772e-01 2.70435620e-01
 4.43656695e-01 1.04882136e-01
 3.62286969e-01 4.03673414e-01
 7.69391446e-01 7.09812268e-01
 2.37990477e-02 3.38353664e-01
 1.46935070e-01 5.09644263e-01
 4.05359840e-01 6.49467857e-01
 6.59170178e-01 8.94821037e-01
 5.84455331e-01 2.22305038e-01
 7.49888651e-03 8.90587264e-01
 6.17547488e-02 5.30223137e-02
 8.78509999e-01 1.35480030e-01
 5.96964302e-01 9.12745122e-01
 9.86654726e-02 4.96954881e-01
 7.04149791e-02 1.85074474e-01
 7.11577507e-01 1.89351815e-01
 7.09092905e-02 9.33778375e-01
 4.58400159e-01 8.97678123e-01
 6.53638047e-01 8.98656028e-01
 1.05918898e-01 8.77962278e-01
 4.25263960e-01 5.63234570e-02
 4.90054852e-01 9.57404924e-02
 3.17144975e-01 9.70375769e-01
 5.62098953e-01 1.70905760e-02
 2.55343876e-01 4.39000190e-01
 5.33135547e-01 3.06417081e-01
 3.27802624e-01 5.99342341e-01
 9.86931639e-01 3.06297412e-01
 5.36887278e-01 8.88025696e-01
 7.80462439e-01 8.59986293e-01
 8.91119878e-01 8.50666163e-01
 5.16813040e-01 1.29074441e-01
 4.18005747e-01 2.65145632e-01
 1.88588824e-02 8.17861961e-01
 6.19747592e-01 5.49246168e-01
 8.32507837e-01 7.00102810e-01
 7.54439926e-02 2.79797248e-01
 1.44349770e-01 8.93154894e-01
 5.90915924e-01 5.40988990e-02
 8.37934875e-01 7.20189015e-01
 7.49514780e-01 7.25026834e-01
 6.59471628e-01 8.70924622e-01
 5.54693755e-01 6.14038341e-02
 1.28822027e-02 8.60210173e-01
 9.70945100e-02 7.31779188e-01
 7.10037731e-01 4.28067483e-01
 9.49522219e-01 7.69437819e-01
