 1.07572198e+00 -6.65029950e-01 0.00000000e+00 0.00000000e+00
 1.52647917e+00 3.61390959e-02 -2.52761930e-01 5.88767303e-01
 -1.52836569e+00 2.31042296e-01 -6.07874241e-02 3.61851304e-01
 1.04192628e+00 1.14770488e+00 3.41413594e-01 7.75891966e-01
 -3.85696550e-01 3.75047663e-04 2.87948317e-02 1.24922663e+00
 2.42629189e-01 -2.86493642e-01 -2.44748612e-01 6.36653927e-01
 -1.41584886e+00 -4.84097100e-01 7.19349145e-02 -1.04362963e+00
 2.35015489e-01 1.57841710e+00 -8.69832150e-01 -3.19058307e-02
 -1.62684372e+00 -1.35959330e+00 9.28688089e-01 9.87556223e-01
 -6.80609156e-01 1.66441698e-01 -2.83285043e-01 -1.34354033e+00
 1.30257110e+00 1.38882191e+00 8.50275880e-01 -3.51028749e-01
 1.00019999e+00 -1.53415889e+00 5.11831882e-01 1.06206572e+00
 -1.40546838e+00 -7.03128788e-01 3.33900114e-01 -1.02873364e+00
 1.98992450e-01 -4.18456818e-01 -1.19878813e-01 5.75792307e-02
 -1.76933071e-01 1.07376288e+00 3.12021190e-01 -9.25205828e-01
 6.25036423e-01 -9.38293260e-01 -9.94854427e-01 7.60347029e-01
 7.57707378e-01 2.32934557e-01 3.52312289e-01 -1.10683104e+00
 -1.45212286e+00 7.13795892e-02 -1.01537258e+00 1.07602236e+00
 3.82130903e-01 -9.38003823e-01 -8.03235189e-01 4.07390541e-02
 5.23338472e-01 3.30303950e-01 2.10417225e-01 -2.50041545e-01
 2.55172935e-01 -2.83012746e+00 1.55621616e+00 1.18868874e+00
 8.46478357e-01 -2.34186153e-01 -3.14973166e-02 -1.51527979e+00
 5.24151568e-02 2.37846766e+00 3.41785834e-01 -1.12498628e+00
 -1.68292320e+00 2.38148799e+00 6.29109612e-01 5.52738962e-01
 -1.89683931e-01 2.11306679e-01 -4.82252356e-01 1.26301721e+00
 -1.11618498e-01 -2.83997193e-01 -2.38320631e-01 -8.51034452e-02
 -4.28965700e-01 4.20076171e-01 3.88043596e-01 3.27090970e-01
 -2.97519132e-01 2.50857248e-01 -6.12903636e-01 -1.24987795e-01
 -1.15533434e+00 -1.23248907e+00 -4.66235471e-01 -7.11005917e-01
 -8.71342186e-02 2.46263971e-01 -3.59307741e-01 -8.57730635e-01
 9.95628107e-01 6.30315491e-01 8.98325424e-01 6.87533220e-01
 -5.90683751e-01 1.67121633e+00 9.07848997e-01 5.69917516e-01
 -1.02890925e-01 2.76009376e-01 8.60592127e-01 2.35045489e+00
 1.07733206e+00 2.16310221e-01 -8.53344340e-01 -3.76281117e-01
 8.47731718e-01 1.18521405e+00 1.35509154e+00 -4.18684394e-02
 1.70195796e+00 -6.09986037e-01 1.16751509e+00 1.76107890e-01
 2.01828132e-01 -1.95672531e-01 1.05161784e+00 8.06749125e-01
 7.80917363e-01 6.15076948e-01 -1.73514328e-01 2.62437413e-01
 -7.27912081e-02 -3.00570405e+00 -5.90912421e-01 4.32359923e-01
 9.09507806e-01 1.60551038e-01 1.44908422e+00 -1.19245842e+00
 7.16407905e-01 2.26728862e+00 1.69719120e-01 -2.21667618e-01
 -1.32662982e-01 7.62270094e-01 8.70077856e-02 9.91251306e-01
 2.84042267e+00 5.87353357e-01 -1.54640257e-01 1.76057220e-01
 -1.64608762e+00 5.28384625e-01 3.19691794e-01 4.67613097e-01
 -8.25616918e-01 1.21400359e+00 -5.75840217e-01 4.22252691e-01
 8.95742841e-01 1.52342270e+00 3.46945976e-01 -6.85679029e-01
 1.60308071e+00 2.37514145e-01 7.12734271e-02 -8.53126736e-02
 -1.30478421e+00 -1.20889881e+00 5.22752175e-01 1.66022100e-01
 -1.18793137e+00 9.65767755e-02 -1.21133678e+00 -5.02760718e-01
 6.46962487e-01 1.11053150e+00 -6.40245803e-01 -6.33970354e-01
 1.55689830e+00 -5.15008483e-01 2.41486572e-01 1.43230581e+00
 3.26183023e-01 -1.01086674e+00 6.45613132e-01 1.74255756e-02
 -1.36937012e+00 2.06708361e+00 1.41883819e+00 -4.12770039e-01
 -1.91614723e+00 -8.57678100e-01 -2.79458891e-01 4.28498084e-01
 -4.71606809e-01 -6.78786028e-02 -9.33604895e-01 -4.47655731e-01
 8.79277553e-01 -2.41089280e+00 4.20802012e-01 3.83203666e-02
 -9.96203830e-01 2.71568418e+00 -4.00940062e-01 -7.30392097e-01
 -9.73369352e-01 2.02825383e+00 -4.37419334e-01 1.36452045e+00
 9.41604245e-01 1.01302442e+00 -5.24407036e-01 8.48690258e-01
 6.50214185e-01 -6.86837585e-01 1.00231320e+00 -5.77940927e-02
 -2.15128409e+00 -1.01805540e+00 7.45693913e-01 -6.12016353e-02
 5.38642453e-01 1.02033940e+00 -4.47474499e-01 -6.67265779e-01
 -8.84364280e-02 8.18313774e-01 -4.20248135e-01 -3.28580446e-01
 -2.51404685e-01 1.17379290e+00 -3.77898192e-01 8.81015148e-01
 -7.09777424e-01 -1.70234880e-01 8.83636552e-02 2.61125925e-01
 -1.70270663e+00 4.29428273e-01 -1.02672659e+00 2.43713397e-01
 1.01441592e+00 1.16142349e+00 -5.41606422e-01 2.04661555e-01
 -1.18067524e+00 -1.07767118e-01 6.51607460e-01 8.50576781e-01
 7.65243650e-01 7.05714659e-01 -1.02670780e+00 9.26427233e-01
 -1.32171783e+00 -1.34398424e+00 1.02168070e+00 5.65104429e-01
 2.14692953e-01 1.44756423e+00 -6.26056159e-01 -1.20520658e-01
 2.20565943e+00 -7.79439850e-01 2.40343124e-01 1.21794197e+00
 8.91964146e-02 -1.51547162e+00 4.44800233e-01 -2.29735305e-01
 -1.85022323e+00 1.13045423e+00 1.22458444e+00 -1.29638659e+00
 9.24164087e-02 1.11714282e+00 -6.33826669e-01 1.96919874e-01
 -2.22563251e-01 2.08840795e+00 1.86655694e-01 1.03452065e+00
 -1.28737692e+00 5.85581139e-01 -8.68600277e-01 -9.52762936e-03
 1.27834114e+00 2.46649430e-01 -8.31020516e-01 -6.47360025e-01
 2.49087430e-01 8.03899016e-02 5.18874712e-01 -8.30766512e-01
 1.70476370e-01 2.76041488e-01 -1.14940652e-01 -3.11896967e-02
 -2.19137143e+00 -7.79865071e-01 6.85068105e-02 -5.69905906e-01
 -1.37282870e+00 -1.00391842e-01 -1.53481181e-01 -1.17921158e-01
 -1.17607619e+00 -1.69523789e-01 7.76088738e-02 2.11117325e-01
 6.78040677e-01 2.42232726e+00 -3.39627838e-01 -2.65762942e-01
 3.42920746e-01 1.01201548e-01 -1.83582800e-01 -6.61619266e-02
 1.21060281e+00 -3.64738309e-02 -6.79852125e-01 -1.64876145e+00
 1.14162072e+00 7.83663769e-02 4.69806938e-01 -4.13945585e-01
 -6.93240992e-01 1.88981433e+00 1.89619800e-01 -7.06129325e-01
 -1.94400620e+00 1.18596244e+00 -2.16167663e+00 2.39210249e-01
 1.87879236e+00 -1.61049712e+00 -9.34109073e-02 -1.99062682e-02
 1.46683010e+00 -1.93278241e-02 2.92764824e-01 1.20273867e-01
 4.51590541e-01 1.55257742e+00 6.13148972e-01 5.83928756e-01
 5.65871478e-01 -1.22937779e+00 4.48026073e-02 8.96523371e-01
 1.09030454e+00 2.27485560e-01 1.31953788e+00 -5.82365593e-01
 -6.44378027e-01 -6.85599062e-01 5.10968007e-02 -3.98452192e-01
 7.32747750e-01 1.62796604e+00 4.04238098e-01 2.51926312e-01
 9.19922946e-01 -1.38333073e+00 1.62440414e+00 -9.40047208e-02
 3.63800605e-01 1.30121477e+00 1.40196905e-01 -1.06125337e+00
 1.24895836e+00 1.30900444e+00 3.95153589e-01 1.02167142e+00
 -4.58734054e-02 1.64742538e+00 5.81768254e-01 -1.24548728e+00
 -1.73052575e-01 7.22248357e-02 2.47480633e-01 4.51082118e-01
 9.63166383e-01 6.19682606e-01 4.00524348e-01 5.62739907e-02
 -1.58305698e+00 6.04814013e-01 2.30565929e-01 -5.38093469e-02
 -4.86034903e-01 -8.39035586e-01 -4.53431661e-01 9.04532389e-01
 6.42417582e-01 1.16214587e+00 3.75541129e-01 -4.99399529e-01
 4.47036488e-01 2.98596542e-01 3.09767903e-01 4.26097215e-01
 -1.02662305e+00 6.93523240e-01 -3.56443374e-01 3.30126677e-01
 -8.14715143e-01 -1.54397633e+00 -5.20939943e-01 1.04229369e+00
 1.49515190e+00 -9.71121986e-01 4.99987900e-01 -4.35172426e-01
 5.17164663e-01 -3.68726832e-01 2.73904892e-01 -3.58195940e-01
 -1.71951065e+00 -7.50180621e-01 6.67892709e-01 -1.83221053e-01
 -4.25784611e-02 -3.36280707e-01 -7.96893834e-01 -1.79862290e+00
 9.82226174e-01 5.33643498e-01 2.10237615e-01 2.69384675e-01
 2.16298125e+00 -8.69046504e-03 5.58004029e-01 5.24065203e-01
 1.66746669e+00 -8.44865506e-01 3.34122949e-01 1.62462345e-01
 7.26183930e-01 2.09179791e+00 1.69446704e+00 -1.20665633e+00
 -1.39903665e+00 6.15298816e-01 -3.58686852e-01 1.73695296e+00
 1.61838172e+00 2.87885883e-01 -7.45970285e-01 -2.68785693e-01
 7.99688265e-02 -2.23097073e+00 1.37499485e-02 -3.66162726e-01
 1.27248470e+00 -8.24950469e-01 -2.63654730e-01 -1.18810080e-01
 3.16168060e-01 2.51321139e-01 9.07775272e-01 7.74296322e-01
 -2.17586627e-01 3.58243153e-01 -3.02982911e-01 1.87214678e-01
 4.01399854e-01 -2.19470044e+00 -1.85195848e-01 1.68733522e-01
 8.52556499e-01 3.63408905e-01 1.07487770e+00 -9.70450655e-01
 -1.93986718e+00 7.39428327e-02 9.06816668e-01 1.22698726e-01
 -1.42128638e-02 -6.28248191e-01 -6.99265774e-01 6.75370465e-01
 1.10301360e+00 -3.30042181e-01 -5.07915287e-02 -5.14123571e-01
 -4.50176892e-01 7.97038318e-01 -1.26199965e-01 -6.45998377e-01
 8.68385258e-01 5.49468739e-02 1.60658033e-01 -3.31914124e-01
 -1.85631177e-01 -8.29878354e-01 3.06022355e-01 1.18535242e-01
 1.27309895e+00 -3.38248259e-01 -1.19321467e+00 -8.35279542e-01
 -1.46695845e+00 3.70110469e-01 5.55410462e-01 6.99784477e-01
 1.24125289e+00 -1.48485791e-01 -7.14656016e-01 -1.78553865e-01
 -4.56852000e-01 1.80974474e+00 8.05525356e-01 1.40895223e-01
 -1.49232621e+00 1.45235390e+00 1.04103498e-01 6.89210739e-01
 -2.24551794e-01 -1.36588848e+00 -1.44179295e+00 1.04405881e-02
 -1.94784984e+00 -2.33341262e-01 6.46028066e-01 -1.21151405e+00
 -8.05294915e-01 -2.40102684e-01 -5.09417007e-01 -1.75923648e-02
 -1.45164360e+00 -4.04184482e-01 -1.30876712e+00 6.26233381e-01
 -9.82034989e-02 1.51698945e+00 -3.27509452e-01 6.49874540e-01
 -2.19750382e-01 -1.27033799e+00 -2.24330541e-01 8.07180776e-01
 1.04195834e+00 1.39331649e-01 4.08690702e-01 -2.33332099e-02
 -9.14242271e-01 8.07463665e-01 -1.01699920e-01 -9.32419532e-01
 1.05638797e+00 6.77809579e-01 2.19436812e-01 -6.36440065e-01
 4.77279267e-01 -1.88336647e-01 1.06575406e+00 6.47195087e-01
 1.76902431e+00 -1.50032357e-01 4.47087952e-01 -9.97610082e-01
 -7.47114114e-01 3.48005037e-01 4.07886318e-01 8.59752673e-01
 1.45567792e+00 -1.43271202e+00 -6.96236287e-01 -2.75670417e-02
 3.31894336e-01 9.74022186e-01 2.32141887e-01 -1.27551794e-01
 -4.58112934e-02 -1.21449062e-01 1.46635572e-01 1.23725622e+00
 2.33198651e+00 1.14713469e+00 5.58188103e-01 2.98352458e-01
 5.61842888e-01 6.73279525e-01 1.45056627e-01 -2.33695727e-01
 4.98762411e-01 5.73830820e-01 9.50888383e-02 -2.79429594e-02
 4.31152788e-01 1.07137863e+00 2.65081582e-01 -4.16477183e-01
 -4.16650484e-01 -1.52725912e+00 4.97067916e-01 -2.25965229e-01
 4.85939365e-01 -1.69478422e+00 7.84695815e-01 4.29550865e-01
 -1.59628765e-01 -3.57922932e-01 6.00908774e-01 -2.10626720e-01
 3.74312669e-01 4.30452166e-01 -1.36486700e-01 -2.23953235e-01
 -2.11941838e+00 -1.50504424e+00 1.45537754e-01 -9.66942335e-01
 4.34205119e-01 1.41500340e+00 -6.21174029e-01 7.43038687e-01
 -9.72158644e-01 1.78182982e-01 -9.14014556e-02 -1.47564419e-01
 7.32755957e-01 -3.17350308e-02 -7.56121325e-01 -2.20669371e-01
 7.52506418e-02 3.81443261e-01 1.00386003e+00 3.56730982e-01
 -1.66180320e+00 -2.91702206e-01 6.34497642e-02 5.80613791e-02
 -4.15494916e-01 -2.26246476e+00 -5.75123436e-01 -4.33507058e-01
 -1.08006910e+00 5.27063711e-01 -4.82465754e-01 -3.47245458e-01
 4.32491234e-01 9.79209864e-02 -1.47579905e-01 -4.35053196e-01
 1.72601826e+00 -5.38092735e-01 1.49518419e+00 -4.63276876e-01
 -4.76166344e-01 -4.17890750e-01 9.86497679e-01 -7.29261412e-01
 -2.74858515e-01 -3.34625833e-01 -4.55636950e-01 3.70513111e-01
 2.43986142e+00 -1.45748225e+00 1.98021108e-01 1.11017590e+00
 -3.62102212e-01 -1.06165867e+00 5.36743513e-01 -9.80656402e-01
 1.04371650e-01 9.52011302e-02 -1.75232276e-01 -5.25277841e-01
 5.48295405e-02 -4.96927118e-01 -5.76917389e-02 -3.61566376e-01
 -2.17379514e-01 8.25535138e-01 4.99720252e-01 -1.57552376e-01
 -1.22832979e+00 5.51918514e-01 -3.30013683e-01 -6.68733332e-03
 7.94268625e-02 -3.92776186e-01 4.11813148e-01 8.61038219e-03
 -9.80583909e-01 -2.71577106e+00 -5.05060942e-01 -2.43788699e-01
 -4.78379555e-01 6.30158116e-02 -3.95034406e-01 -4.24945375e-01
 -9.41094981e-01 1.91279214e+00 -6.32088278e-01 1.25938622e+00
 1.15276555e+00 -1.24370740e+00 -1.74146351e+00 1.76075664e+00
 2.71170745e-01 -9.93483313e-01 9.84395833e-01 -8.74565169e-01
 3.20652253e-01 -1.07104683e+00 9.51641423e-01 -1.62940681e+00
 3.44426884e-01 -9.89996128e-01 4.45253894e-01 -9.74322645e-01
 2.41479156e-01 1.25876313e-01 -8.31889032e-01 2.80768634e-01
 -6.18038394e-01 -2.16226367e+00 1.24895895e+00 7.53911469e-02
 6.16960239e-01 -2.71253882e-01 -3.93999507e-01 -1.16784328e+00
 2.22163756e-01 1.72593914e-01 1.34378041e-01 4.93721399e-01
 -9.99030745e-01 2.16860777e+00 1.36301271e-01 5.98027459e-01
 -1.35278477e+00 3.61721153e-01 -1.21692606e+00 -3.46933698e-01
 -5.06778046e-01 -1.93195331e+00 -1.01417761e+00 8.05311196e-01
 6.61117672e-01 4.37237351e-01 7.82185735e-01 -5.20347658e-01
 -1.19104594e-02 1.57743020e+00 4.81262504e-01 3.06890534e-01
 -1.26133816e+00 -2.04161733e+00 -2.19986400e-01 2.95691275e-01
 -2.32916853e-01 1.72846538e+00 5.60735892e-01 -4.93920499e-01
 -3.27073592e-01 -4.32005118e-01 -2.58082186e-01 1.51578451e+00
 -6.90337335e-01 8.51001527e-01 -6.99166034e-02 -6.10785984e-01
 9.53307235e-01 -1.44967313e+00 3.59780242e-01 -3.38858393e-01
 -1.53887928e+00 -6.97719006e-01 -3.62585643e-02 1.53088656e-01
 9.20228060e-01 -3.27568866e-01 -5.89419504e-01 9.05020513e-02
 1.06256150e+00 -1.27372807e+00 7.66406091e-01 -5.94416844e-01
 1.86101910e+00 1.31422916e+00 1.08205616e+00 -4.29636968e-01
 9.57694858e-01 3.62036566e-01 8.13902973e-01 -1.14538321e+00
 1.11222040e-01 2.05117669e-01 3.17985179e-01 -6.55545029e-01
 2.04028528e+00 -4.02347009e-01 -6.12441197e-02 2.31240735e-01
 1.43595845e+00 -1.42158203e+00 9.78135649e-01 -5.90477411e-02
 -4.91279738e-01 5.26410952e-01 5.67691230e-01 -3.18277820e-01
 6.10127797e-01 3.99266038e-01 1.78959531e-01 -6.73795313e-01
 1.14245526e+00 -1.66913249e-01 1.34712797e+00 -1.49950186e-03
 4.74389589e-01 3.07190175e-01 -9.91631595e-01 -1.63809994e-03
 4.97167952e-02 -1.56767577e+00 7.89745030e-01 -4.42162856e-01
 -5.18504466e-02 -2.60614774e-01 -8.08505336e-01 -1.03635821e+00
 -1.32321548e+00 -8.13109619e-01 8.73343739e-02 6.74342434e-01
 -3.01606246e-01 -1.24445687e+00 -2.90150748e-01 2.54761869e-01
 -7.82857152e-01 -2.19378687e-02 -6.06952607e-01 -1.23116661e+00
 -4.31668762e-01 4.46086946e-01 3.17110562e-01 2.55197647e-03
 2.20339649e+00 1.35812922e-01 7.37945922e-01 -2.43989953e-01
 -3.97350293e-01 7.02571309e-01 3.98094178e-01 4.97279593e-01
 -3.57498406e-01 -5.37448976e-01 9.71468515e-02 -2.87432004e-02
 4.61853396e-01 -3.95137432e-01 -1.22769377e-01 -4.48955657e-01
 -2.86951670e-01 -1.34349555e+00 -1.00883342e-01 -7.30575292e-01
 -5.08818254e-01 2.44676065e-01 7.37920021e-01 1.12466844e-01
 -1.00493668e-02 -1.85746076e+00 3.35623719e-01 -7.43585413e-02
 -1.21631301e-01 9.68366178e-01 8.21686312e-02 -6.46475605e-01
 2.87232209e-01 -9.51142997e-01 -1.56436574e-01 6.62441754e-01
 1.00160354e-01 -2.89948043e-02 2.01817717e-01 -7.97490379e-01
 1.88338848e+00 2.46300192e-01 -1.99228403e-02 1.08710487e-01
 1.53630877e-02 1.06171760e-02 1.57922348e+00 2.27214750e-01
 9.96845177e-01 3.34654020e-02 -3.00057261e-01 4.12596775e-01
 3.94072050e-01 -2.10028662e-01 -4.34214957e-02 -3.83548637e-01
 -8.40217952e-01 -2.56775842e-01 -3.76111390e-01 -5.57232207e-01
 -2.34304628e-01 -1.73829827e+00 -6.23737596e-01 -1.37115629e+00
 -1.12184645e+00 -1.60856710e+00 6.73553915e-02 -1.77783284e+00
 3.63430684e-01 4.27817321e-01 -3.27342416e-01 -1.00439683e+00
 -6.23208377e-01 -1.73990491e+00 2.63264305e-01 -2.15072837e-01
 -1.12164838e+00 -1.97918302e+00 -6.25751834e-01 4.17124032e-01
 -4.69582180e-01 -5.53194713e-01 -9.54400489e-01 -6.16165893e-01
 -5.79424760e-01 2.37424539e+00 -1.46499571e-01 7.40172712e-01
 -1.36234492e+00 1.03381047e+00 -4.39463701e-01 6.07492077e-01
 5.95307379e-01 2.60114626e-01 -1.79203655e+00 -5.70945223e-02
 -6.36776044e-01 8.16099698e-01 1.23074786e+00 -2.27350791e-01
 4.59508799e-01 -1.11247763e+00 -2.71530456e-01 1.57193131e+00
 -1.08289999e+00 1.03626754e+00 6.68363529e-01 -1.31172325e+00
 1.40167058e+00 1.36756623e+00 -5.66201225e-02 4.77483808e-01
 -1.15947647e+00 2.10391029e+00 3.93170163e-01 3.98801945e-01
 9.95583483e-01 -2.60013839e-01 7.74414157e-02 1.11506783e+00
 -2.05492354e+00 -7.77578086e-01 7.70991188e-01 -7.56074363e-01
 1.09479466e+00 9.61961470e-01 -1.34562437e+00 -5.24280534e-01
 2.08476862e-01 8.02281666e-01 -4.43771093e-01 5.62614807e-02
 1.50278518e-01 -6.18338443e-01 5.22644482e-02 2.98799945e-01
 -1.54816124e-01 -6.17781518e-01 1.34394438e-01 2.07601990e-01
 1.06514602e+00 -6.04813004e-01 -2.91070692e-01 1.61228160e-01
 4.29809894e-01 7.10039275e-01 -4.14244402e-01 -1.06969786e+00
 1.40608854e-01 -7.65771999e-01 4.18498078e-01 1.17779500e+00
 -1.20533009e+00 9.79005159e-01 6.56117475e-01 -1.52497106e-01
 4.81772729e-01 2.75128353e-01 -6.72131540e-01 1.01972686e-01
 -7.06335093e-01 -1.52260762e-02 1.82096790e-01 2.63696740e-01
 1.02864935e+00 -1.53521454e-01 2.25585108e-01 -9.62382663e-01
 -6.96655498e-01 4.27291952e-01 1.63501659e-01 -2.03624101e-01
 3.44362338e-02 -1.81172525e+00 -1.14077948e-01 5.43600924e-01
 -2.09376807e-01 2.20734678e+00 1.06442537e-01 -3.60347830e-01
 -6.18542928e-01 6.39662054e-02 2.34423018e-01 1.59279190e+00
 1.35855010e+00 1.54801013e+00 -2.28232172e-01 -2.88036648e-01
 8.26448728e-01 7.49885211e-01 1.41404181e-01 6.79291870e-01
 8.02499517e-01 -1.21964261e-01 7.43180649e-01 5.17123607e-02
 1.09555475e-01 2.71289040e-01 7.07218143e-01 -1.13418086e+00
 -7.21700190e-01 2.11181033e-03 -8.77597757e-01 -4.64960226e-01
 -7.70284414e-02 9.77911613e-01 -9.02063182e-01 8.72664836e-01
 3.23565910e-01 -6.47142693e-01 8.08462200e-01 1.82006343e-01
 7.68497364e-03 1.11786693e+00 -1.50778363e-02 -3.99620900e-02
 -9.26662543e-01 -8.66771021e-01 6.21123065e-01 -2.96688885e-02
 1.61949409e+00 1.56235483e+00 -1.18926246e+00 -1.59570994e+00
 4.46381169e-01 -9.76125371e-01 2.55729061e-01 7.21412560e-01
 6.57946857e-01 2.35818952e+00 2.76234437e-01 -2.42481944e-01
 -9.31472867e-01 2.61840879e-01 7.05452337e-01 9.70578962e-01
 -2.12079759e+00 9.05011573e-02 -1.25057216e+00 -1.84506071e-01
 -9.56182326e-01 2.78745184e-01 -1.57115256e+00 -1.53732809e-01
 -3.29172832e-01 4.04368676e-01 -1.27866656e-01 8.38857201e-01
 1.04152408e+00 9.50077929e-01 -5.47449855e-01 -5.18021956e-01
 -7.51905402e-02 4.59103693e-01 8.76734425e-01 7.34276787e-01
 5.88752093e-01 -1.11444528e+00 3.07655408e-01 7.65840740e-01
 8.75161244e-01 1.05609119e+00 -3.20674317e-01 -3.63219965e-01
 2.34861954e-01 -1.60228553e+00 -1.12462141e+00 7.90192641e-01
 8.57232761e-01 1.46121451e-01 -6.12371217e-01 -8.77116292e-01
 -4.88057945e-01 -2.42175998e-01 -6.73329053e-02 5.98010952e-01
 -9.40472476e-01 -1.90073798e+00 2.55925319e-01 -1.47828871e+00
 2.60792602e-01 1.06961997e+00 -5.31498739e-01 -1.24552669e+00
 -2.36397438e-02 2.10301284e-01 8.18681377e-01 -2.42907753e-01
 6.47775778e-01 -2.00065493e-01 -5.86015408e-01 7.63265123e-02
 -5.03995118e-01 7.47420792e-01 8.89266837e-01 2.53416542e-02
 -3.59871026e-01 4.74746959e-01 4.90119177e-01 1.28499439e-01
 1.03772145e+00 1.60702888e+00 -1.10579627e+00 -2.74232478e-01
 2.10586306e+00 -6.96756552e-01 1.60280636e+00 2.58799592e-01
 -4.44782429e-01 2.17978193e-02 5.26431166e-01 -4.13587086e-01
 5.62344279e-02 -1.35770102e+00 -5.43153289e-01 -9.47079168e-01
 -7.03443355e-01 6.19958708e-01 1.97381303e-02 -7.44387996e-01
 -5.22244101e-01 -4.93888604e-01 4.96924221e-01 -1.39825346e+00
 1.78225702e+00 8.68362848e-01 -2.16348531e-01 -2.70525228e-01
 -1.22450511e+00 -6.87702398e-01 3.45200282e-01 1.34345704e+00
 7.18093553e-01 2.55102769e-01 -1.50938966e+00 -5.91454777e-01
 -1.46995275e+00 5.12477595e-01 -2.68232808e-01 -1.10407031e+00
 1.89546100e-01 1.06877994e+00 -6.91985257e-01 2.74702522e-01
 4.64190926e-02 -4.37881832e-01 -3.39312299e-01 5.57333772e-01
 -2.53126431e+00 1.61926469e+00 2.06229750e-01 1.74539416e-02
 3.42229397e-01 -7.92152716e-01 -2.41533722e-01 1.23246603e+00
 1.02510762e+00 1.33931203e+00 6.94920876e-01 1.14221031e+00
 9.46890383e-02 -1.56312342e+00 1.43099584e+00 5.67959302e-01
 5.61773134e-01 -1.18152217e+00 2.43084879e-01 -5.69082722e-01
 2.85223867e-01 -3.62315066e-01 -7.39041233e-01 7.47782592e-02
 8.46189828e-01 2.36517764e-01 -3.42944340e-01 -4.20904426e-01
 -1.48454421e+00 -1.05251108e+00 3.72171666e-01 1.37904645e+00
 -5.12960916e-01 2.73762756e-02 9.71173951e-02 6.90569683e-01
 -3.34664505e-02 2.24945690e+00 5.99630834e-01 2.94249628e-02
 -1.07372186e+00 -4.89764577e-01 4.28494778e-01 6.37402534e-01
 8.21547570e-01 9.96617411e-01 -3.37494860e-01 -9.24613242e-01
 -1.40411390e+00 -7.15904158e-01 6.07615042e-01 -9.40146187e-02
 6.34984042e-01 1.31999680e+00 4.86784912e-01 -2.67961554e-01
 -9.59582901e-01 9.98192144e-01 8.10121981e-01 7.76999222e-01
 -1.64010342e+00 2.46469467e+00 -1.12842214e+00 4.68018516e-01
 2.92934084e-01 -6.76606124e-01 -1.03443895e-01 1.29261722e+00
 4.56207370e-01 -7.23410658e-01 -4.27592933e-01 1.65592434e-01
 4.28153597e-01 -1.16628836e+00 2.33128080e-01 -3.45784168e-01
 -9.30180110e-01 -1.30796578e-01 -7.36326108e-01 -6.08143703e-01
 3.84485617e-01 -5.98164433e-01 -1.25628728e+00 -1.59112710e+00
 5.93092284e-01 -1.28017689e+00 2.75954783e-01 5.00658042e-01
 -9.15429579e-01 -7.95565211e-01 -2.96486047e-01 -5.37587520e-01
 -5.08683432e-01 -5.26215446e-01 -2.73692267e-01 -5.59231687e-01
 5.94441864e-01 1.04801169e+00 1.30906932e+00 -1.09092082e+00
 8.23351110e-01 -2.87706852e-01 1.16952223e-01 1.85841204e-01
 2.66812370e-01 -1.12986440e+00 7.24018434e-01 -3.34020092e-01
 -5.94117701e-01 7.21085371e-01 1.36330897e-01 -1.49640665e+00
 -6.16094530e-01 -2.36427155e-01 3.14221837e-01 3.71286665e-01
 5.16911245e-01 1.11068076e+00 -2.94778864e-01 6.57273680e-01
 1.32540004e-01 -8.53265900e-01 7.37563014e-01 7.65982367e-01
 -4.44492810e-01 -2.30263850e+00 7.88900200e-01 -5.24648732e-01
 1.42283801e+00 -6.81967482e-02 4.88961300e-01 -1.13743146e+00
 -1.32331917e+00 -1.38597724e+00 2.62691230e-01 -9.18484024e-02
 1.93468931e-02 4.29698653e-01 -1.34808703e+00 2.92215108e-01
 -1.05124897e+00 2.82897241e-01 -1.66148661e-01 6.78923661e-01
 -1.13305967e-01 7.88503093e-01 1.16955188e-02 7.63706511e-01
 3.38566185e-01 -8.69912950e-01 3.51079289e-01 8.20851423e-02
 -3.60582129e-01 -9.78759200e-02 2.17399291e-01 -1.58247308e-01
 1.49867408e+00 1.09862159e+00 -3.41856646e-01 1.67856703e-01
 -5.42519284e-01 -9.37097723e-01 1.09448154e+00 4.39340799e-01
 4.78321793e-01 -1.02279369e+00 -8.42678756e-01 -7.51920701e-01
 -8.13136110e-01 -3.02459493e-01 -1.51509186e-01 -7.63424736e-01
 -3.32840685e-01 1.04887191e+00 -3.59980907e-01 -6.61907515e-01
 -3.53873209e-01 1.67936485e+00 -3.76046364e-01 1.37844928e+00
 -6.07087519e-01 -1.33545764e-01 4.72650286e-01 7.84577779e-01
 7.24491049e-01 6.19728630e-01 1.48675476e-01 -4.41736934e-01
 6.54940913e-02 9.26969965e-01 1.19989600e-01 9.01941787e-01
 2.57927223e-01 1.13257047e-01 2.83497766e-01 7.67891263e-01
 6.85130934e-01 -1.13651733e-01 5.03367892e-01 5.50740096e-01
 -1.07830816e+00 2.89971398e-01 1.08886820e-03 5.08168049e-02
 -2.07664269e+00 -5.48672288e-01 -4.15019822e-01 -9.65527508e-01
 6.72319615e-03 1.77846437e+00 -4.97350734e-02 -6.41695568e-01
 1.91393095e-01 4.80392129e-01 8.75496270e-02 5.41523135e-01
 9.35844504e-01 7.71859482e-01 4.56770461e-02 -4.36351760e-01
 3.91687744e-01 4.89523600e-01 1.31970630e+00 -5.28037260e-01
 -5.70536929e-01 -4.19049507e-02 3.18460763e-01 -3.14537597e-01
 -2.35018622e-01 1.31392356e+00 -2.20169757e-01 1.36371042e-01
 1.70269597e-01 8.22701975e-02 -8.76188611e-01 -1.75268523e-01
 -2.38917033e+00 -3.91098805e-01 4.89005324e-01 3.33204965e-02
 5.71723644e-01 -4.98954208e-01 -1.05203273e+00 6.96777213e-01
 1.88320744e+00 -6.14835467e-02 4.66179637e-02 -2.12146418e-01
 2.96325492e-01 2.11025922e-01 5.13186755e-01 -6.95503641e-01
 -6.96105015e-01 -1.31623630e+00 3.11321097e-01 -9.57258927e-02
 2.05950642e-01 -1.48901060e-01 2.66321509e-01 -1.05012408e+00
 5.97117781e-01 -6.09373665e-02 1.94167365e-01 2.34553410e-01
 -1.19389324e+00 -2.19466871e-02 4.49885025e-01 -1.56876683e-01
 -1.53640619e-01 7.43828513e-01 -9.86463870e-01 -8.61797309e-01
 1.27792561e+00 8.63042125e-01 -4.22106152e-01 8.54223352e-01
 5.89614147e-01 6.66648112e-01 -2.21825328e-01 1.07668036e+00
 -1.24820966e+00 -1.18552535e+00 5.28501779e-01 9.12028956e-01
 -7.17345027e-01 -5.82050769e-01 -1.52443306e+00 -2.85408231e-01
 -4.00909727e-01 6.88177230e-01 -2.16361925e-01 2.98339825e-01
 -1.48867376e-01 1.06971509e+00 -9.77636234e-01 -7.27916364e-02
 -3.36787079e-01 2.75191892e-01 -6.08287489e-01 8.40816489e-01
 -8.67649011e-01 -1.98951190e+00 -4.00473129e-01 -4.58727511e-01
 -1.19275196e+00 1.10630539e+00 -5.46161242e-01 -2.11045308e-01
 -7.89245239e-01 -1.55062018e-01 -6.98976063e-01 5.42058123e-01
 -1.91159210e-02 -1.60665463e+00 -9.98224227e-01 1.05652426e+00
 -4.90830174e-01 -3.34449631e-01 4.86532527e-01 -1.65101325e-02
 1.77103085e+00 -6.06998244e-01 -6.32927277e-01 1.57372023e-01
 -3.08250043e-01 -5.59984025e-01 3.82857850e-02 -2.63809883e-01
 2.89809419e-01 1.17687693e+00 1.64520697e-01 -7.45446581e-01
 -2.12611573e-01 -1.91867900e+00 1.47229557e+00 7.81722943e-01
 -9.19492939e-01 4.03832872e-01 8.52495658e-02 -2.03407930e-01
 -2.07580487e-01 -5.12329617e-01 -9.10356019e-01 -2.60428741e-02
 2.28690702e-01 -1.32669493e+00 -7.74216804e-02 6.77540094e-01
 -1.29355075e+00 -3.08416460e+00 6.77004238e-02 -9.13804092e-01
 3.39792360e-02 -1.35855275e+00 -1.64094606e-01 -1.05703986e+00
 -1.35399111e+00 -4.30556951e-01 -1.03740107e+00 -1.06099120e+00
 2.02775062e-01 -6.93953555e-02 -1.42211565e+00 5.32513669e-01
 1.61136875e-01 8.94726888e-01 -5.04943991e-01 1.41794248e-01
 8.40224517e-02 9.66578907e-01 -9.35109253e-02 1.33406771e-01
 -2.23684689e-01 9.16284546e-01 -5.08979377e-02 2.64153056e-02
 -2.17625359e+00 1.01444286e+00 3.55755194e-01 1.05074207e+00
 1.41785675e+00 -1.32621095e+00 -1.95120848e+00 5.90940787e-01
 -2.34664378e-01 1.64040203e+00 5.56377553e-01 -6.98803439e-01
 -2.59131458e+00 -7.36581016e-01 -6.97836949e-01 7.13611013e-01
 -2.06373990e+00 1.37828337e+00 -1.36746639e+00 -5.66236080e-01
 -3.06292371e-01 2.03402259e+00 -6.21903397e-01 2.74809731e-01
 -4.70802936e-01 2.27228244e-01 8.23806119e-01 1.33306313e+00
 -9.62311605e-01 8.21499856e-01 -4.57355072e-01 2.47222084e-01
 2.10264243e-01 -1.89752955e-02 -9.47859560e-01 -1.79861805e-01
 1.10298683e+00 -1.50212065e+00 2.10471726e-01 -8.50452363e-01
 -5.56968219e-02 1.09029988e-01 7.01924316e-01 -7.32247440e-01
 1.14880276e+00 -1.54108811e+00 2.55340163e-01 1.65712949e-01
 -8.82822212e-01 5.25114526e-01 9.17491462e-01 -8.60923605e-01
 2.83210530e+00 -2.28804054e-02 -9.97585711e-01 2.23052114e-01
 -5.09318577e-01 -1.36303795e+00 1.46549388e+00 -4.75608275e-01
 7.44531578e-01 -1.18107716e+00 7.52544141e-01 -1.17934180e+00
 -8.66666557e-01 2.02938938e+00 3.89454411e-01 -9.26896410e-01
 -3.91467262e-01 -2.06590480e-01 -3.54462543e-01 1.08350995e+00
 1.45001103e+00 1.08506251e-01 -8.07974860e-01 1.22099843e+00
 -1.54360678e+00 5.28892451e-01 1.64141363e+00 1.34786463e+00
 -5.20490462e-01 3.87860183e-01 -5.85351868e-01 2.07294090e-01
 9.59164106e-01 -5.30954300e-01 4.73560652e-01 3.24883177e-02
 -9.58218946e-01 3.74013039e-01 7.90855844e-01 -1.00135425e+00
 1.28735172e+00 3.07943040e-01 -2.21497054e-01 -5.40974969e-01
 -1.79781215e+00 3.07630645e-01 2.46274824e-01 3.24389461e-02
 -5.32166611e-01 -1.19749139e+00 -1.39564570e+00 -9.87318164e-01
 -1.01962456e+00 4.46262862e-01 -7.49668786e-01 -9.34872246e-01
 -2.36639437e-01 9.93391719e-03 7.01687429e-01 -5.17127666e-01
 -1.02820229e+00 8.78446302e-01 -7.21272556e-01 -3.39823712e-02
 -1.01672223e+00 -2.72003909e-01 -1.14803667e+00 -2.49352953e-03
 -6.08986098e-01 -7.33919490e-01 2.06599158e-01 4.41397815e-01
 -4.02868589e-01 6.64330474e-02 -6.18046987e-01 1.60797607e-01
 1.06914176e+00 1.51950857e-01 4.34810455e-01 2.48994201e-01
 -3.63939095e-01 -1.53247389e+00 -5.91936287e-01 1.89456020e-01
 9.31233443e-01 7.02029496e-01 -6.27646230e-01 -6.47966386e-01
 -8.66757261e-01 1.67760487e+00 6.43681431e-01 -2.92855127e-01
 -5.41681470e-01 -5.19697157e-01 6.00138683e-01 9.61480847e-01
 7.98914731e-01 1.96536518e+00 8.59018657e-01 4.13692028e-01
 -2.41938939e+00 -5.28066155e-01 1.02598105e+00 5.42890198e-01
 -4.37857040e-01 7.34901768e-01 -1.17531468e+00 -3.97414706e-01
 3.66239052e-01 -5.12012515e-01 -2.82430771e-01 6.84613551e-01
 -1.04869113e+00 7.28074335e-01 -3.02624858e-01 -2.76843720e-01
 -7.66718983e-01 2.41864885e-01 -8.40218269e-01 8.16293388e-01
 6.00924468e-01 -4.60887756e-01 6.12449480e-02 -1.14556970e+00
 5.64371049e-01 -1.16565892e-02 -1.01693174e-01 7.44408922e-01
 9.24279789e-01 -2.72842436e+00 5.82224350e-01 -1.27167644e+00
 -1.37265974e+00 -5.80839367e-02 1.07159728e+00 -7.56482184e-01
 -1.65649301e+00 -2.29696249e-01 -4.08271524e-01 -4.94677881e-01
 -3.17355889e-01 -3.55582951e-01 -4.29550048e-01 5.23881981e-01
 -1.41989153e-01 -1.54707731e+00 -3.50519068e-01 -2.69474199e-01
 3.50265446e-01 1.00640862e+00 -4.15849483e-01 -1.63340917e+00
 2.25756681e-02 1.09689227e+00 -1.13072145e-01 2.24829763e-01
 -1.03459789e+00 3.07663482e-01 1.92812983e-01 1.31721609e+00
 -7.89861635e-02 9.10932971e-01 -1.43383518e+00 -1.52445402e+00
 9.75260500e-01 1.22504749e-01 -1.23758540e+00 -1.00282496e-01
 1.91260777e-02 1.65357761e+00 1.53904304e+00 -4.63166488e-01
 -4.96470285e-01 -2.12366990e-01 7.46554875e-01 7.42347301e-01
 -8.46953078e-01 1.08077252e+00 1.10651283e+00 -1.24387458e-01
 3.51431943e-01 -2.08982366e+00 -1.46293005e+00 9.02962896e-01
 4.83818906e-01 -1.70602323e+00 3.09305920e-01 -4.71298061e-01
 -5.35529912e-02 -1.46436334e-01 -1.67579906e-01 -5.95661899e-01
 5.69786576e-01 -7.55400193e-01 8.95582688e-01 1.01953207e-01
 4.72309559e-01 6.13787398e-01 2.23458257e-01 -5.82114180e-01
 6.90236017e-02 2.08554683e+00 3.59375288e-02 1.23317486e+00
 -1.04435737e+00 -2.62291995e+00 8.20803324e-02 5.83288105e-01
 1.05520114e+00 -4.34511389e-01 -4.52114113e-01 -4.63385878e-01
 8.77199524e-01 -1.61209635e-01 -1.28053227e-01 6.44866292e-01
 1.45975584e+00 1.12957067e+00 9.46303514e-01 -4.96579587e-01
 7.12713522e-01 2.17247709e-01 5.23552468e-01 9.89742125e-01
 2.27031933e+00 -7.06976445e-01 9.52475941e-02 2.95721017e-01
 1.00046961e+00 -2.43510827e-02 6.28696268e-01 3.94352001e-02
 2.90508111e-01 8.00044420e-01 1.77109275e+00 -1.81339129e-01
 1.24279487e+00 1.52699668e-01 -1.70299821e-01 3.34837805e-01
 4.72833916e-01 -1.78512943e+00 3.94870020e-01 -1.61591507e-01
 5.45317386e-01 7.60981504e-02 2.98299312e-01 -4.80741977e-01
 -2.00157205e-01 -2.20788309e+00 -1.07852296e+00 5.83717992e-01
 9.17463713e-01 -4.84960348e-01 -2.38818465e-01 -2.51777453e-01
 -2.57294373e-01 -3.68688511e-01 8.91356469e-01 -8.11442279e-01
 5.67308406e-02 6.86682319e-01 1.29969548e-01 1.19122739e+00
 -2.16514606e-01 3.32605165e-01 1.21606620e+00 2.29541951e-01
 5.29049243e-01 9.59943293e-01 -3.49641195e-01 -6.95885493e-01
 1.37351536e+00 -1.46316646e+00 6.38061447e-01 4.89394539e-01
 -1.13443061e+00 -2.00600440e-01 4.96165394e-01 9.13849168e-02
 9.24694491e-01 8.15332555e-01 -4.14716490e-02 -3.97660009e-01
 1.33973807e-01 -1.51256434e+00 8.71256785e-01 -4.00965320e-01
 1.07831560e+00 6.69390228e-02 -4.01934652e-01 1.58113566e-01
 1.90576189e+00 2.28973089e-01 -4.61825064e-01 -4.07850115e-02
 8.04931285e-01 -3.28187520e-01 2.03937030e-01 6.30630159e-02
 -7.88582646e-01 8.40410508e-01 6.00859475e-01 -1.01859440e+00
 -1.94816660e+00 1.30480208e+00 -6.08740231e-01 -1.34376562e-01
 -1.61166534e+00 1.38199085e-01 -9.49908788e-01 3.64868985e-01
 2.30258975e-01 -8.20075277e-01 -2.00291227e-01 -4.26223000e-01
 4.25509681e-01 -6.14328145e-01 1.23625293e-01 -4.81956457e-01
 -1.14589342e+00 -8.50411913e-01 1.99738952e-01 -9.14564986e-01
 -1.15198843e-01 6.86271682e-02 -7.13543032e-01 -1.73918604e-01
 -1.98080886e+00 -8.03914897e-01 -2.68351538e-01 1.30832262e+00
 -2.12252892e+00 8.19207456e-01 -8.89177581e-01 -3.28164065e-01
 -1.26536680e+00 1.98232014e+00 -1.12085589e+00 4.56839833e-01
 -7.45284379e-01 -1.01249814e-01 -1.61664203e-01 1.29112588e+00
 -1.63636410e+00 6.52039806e-01 -4.90388890e-01 9.03859067e-01
 -1.96264319e-01 -2.74250034e+00 -4.04366834e-01 -1.61121365e-01
 -3.92865311e-01 7.01464223e-01 5.67173866e-01 -2.24816542e+00
 -1.05485837e+00 -9.69184652e-02 7.80198022e-01 3.11779567e-01
 -4.35395961e-01 1.51332559e+00 -8.40716455e-01 4.09016889e-03
 1.14101121e+00 -1.41772649e+00 -2.67247081e-01 2.14967955e-02
 -2.35401972e+00 4.40543058e-01 1.50716497e+00 -5.72295105e-01
 -1.63429336e+00 -9.14296081e-02 -1.24924924e+00 1.68606483e-01
 -1.16248051e+00 -6.54711655e-01 -3.34181799e-01 -5.05682218e-02
 2.15177873e-01 -4.68020843e-01 -8.75349741e-01 1.19016443e+00
 8.64580885e-01 -1.03893344e+00 -5.16609676e-01 3.57962459e-01
 2.03214897e+00 4.06488449e-01 5.87723682e-01 2.52982731e-01
 -9.66993093e-01 -4.96480576e-02 1.49870319e-02 -1.04751015e-01
 -4.71540336e-01 8.42238269e-02 -9.85096604e-01 1.45203334e-01
 4.80944753e-01 -4.29713601e-01 -2.03901487e-01 7.74693541e-02
 -4.32200023e-02 4.30249436e-01 1.00179746e+00 2.22226897e-01
 1.24159765e+00 -8.78839949e-01 2.44463289e-03 -4.75850577e-01
 2.83206631e-01 -7.81570537e-01 9.44598956e-01 -1.21488964e+00
 1.12006766e+00 -1.17398462e+00 1.47257638e+00 1.65556775e-01
 8.13518164e-01 -9.32200416e-01 -1.20380676e-01 -1.19524719e-01
 8.22026187e-01 6.31065957e-01 -1.06366691e-01 -1.40899752e+00
 -8.79817293e-01 5.30237601e-01 1.82734451e-01 -9.78420481e-02
 1.18872032e+00 -1.68176583e+00 -1.67866371e-01 4.05177692e-01
 1.92321268e+00 9.95345685e-01 1.05043255e+00 -4.78100740e-01
 -2.30790268e-01 -2.71533822e+00 1.79634266e-01 1.13002455e+00
 9.96551212e-01 8.97751695e-01 -1.12161790e-01 -1.11446329e+00
 -1.80430234e+00 1.25511971e+00 5.09616261e-01 -1.25564023e+00
 5.72145769e-01 -8.23256678e-01 2.89831943e-02 7.81559702e-01
 -2.30599070e-01 2.20670711e-01 1.41809392e+00 -6.84470163e-01
 1.19101728e+00 1.12935914e+00 -1.17566829e+00 -5.23908765e-01
 9.83116390e-01 -6.68425138e-01 -5.03341573e-01 8.41602152e-01
 1.88617197e+00 -1.02663578e+00 3.42819321e-01 -9.01327802e-02
 7.34360691e-01 1.26792401e+00 4.64252556e-01 1.14200485e-01
 1.52199515e+00 -4.34831960e-01 -3.16391681e-01 8.73523273e-02
 4.23090779e-01 4.24180044e-01 5.46082185e-01 -2.16005993e-01
 6.44319532e-03 5.28036566e-01 1.86125695e-01 2.38010906e-01
 3.83227165e-01 -1.74417025e-01 -1.16777532e+00 3.15804855e-01
 -5.23643262e-01 -1.29434537e+00 4.66166318e-02 6.15321067e-01
 -1.33150802e-01 2.48484848e-01 -4.45940265e-03 6.61476972e-02
 6.13962190e-02 -2.29024549e-01 -5.02870022e-01 9.14554891e-01
 -4.23883019e-01 -6.64061780e-01 -1.08127960e+00 -2.31725522e-01
 -1.42640590e+00 7.32133531e-01 -4.80823980e-01 7.64385286e-01
 4.22953052e-01 -1.40744665e+00 -1.77383483e-01 -7.20193352e-01
 4.69940337e-01 -2.05107357e-01 8.17619466e-01 -1.15651397e+00
 -5.47485884e-01 -7.06999715e-01 1.05035990e+00 2.50105192e-01
 1.52061022e-01 -2.24345573e+00 4.61669283e-02 3.60715058e-02
 -3.60265098e-01 -5.49733846e-01 3.78752566e-01 -2.09697494e+00
 2.37961673e-01 -1.43462661e+00 -1.01694511e+00 -5.48702679e-01
 4.29360332e-01 1.63094235e+00 -6.74470540e-02 -1.36914874e+00
 -7.03120018e-01 6.29194275e-01 6.87546898e-01 5.99166604e-01
 -1.76653733e-01 -2.41816496e-01 -1.14098509e+00 -9.79889259e-01
 7.14813094e-01 -7.60468773e-01 1.13316277e+00 -7.69048196e-01
 2.26768372e-01 2.07653549e-01 1.35781503e+00 -1.49647508e+00
 9.97335479e-01 6.25243701e-01 3.81389417e-01 1.18541418e+00
 -1.89267159e+00 1.38170593e-01 5.18593798e-01 -1.78077432e-01
 6.98278833e-02 4.36794451e-01 -3.86724639e-02 8.17323244e-01
 1.72480868e-01 -4.56582971e-02 1.33001251e-01 6.45823193e-01
 1.12349483e-01 -1.53511673e-01 -8.32417743e-01 -7.05160622e-01
 -1.04398220e+00 -1.40552854e+00 6.91797280e-01 -4.40797601e-01
 -9.80719913e-02 -5.54609623e-01 -3.78851286e-01 2.58773112e-01
 -1.06405809e+00 -1.92585301e+00 -4.10906505e-01 5.85332565e-01
 -1.20429625e+00 -1.09656980e+00 -4.64079197e-01 -4.95226014e-01
 -1.09936952e+00 4.97447120e-01 -2.47143226e-01 -2.34511784e-01
 -5.20312704e-01 -3.65583111e-01 1.93671610e-02 1.89131083e+00
 1.40389925e+00 -5.95130285e-02 -8.33289924e-02 2.52444542e-02
 8.03777369e-02 -3.80664001e-02 2.35345675e-01 -5.26343843e-01
 -1.48432403e-01 1.15682403e+00 -7.05632610e-01 -4.57025245e-01
 2.09604993e-01 1.85406974e+00 -3.56942670e-02 8.78966476e-01
 -1.22298743e+00 5.74913641e-01 -9.08496151e-01 7.95112072e-01
 -8.49391376e-01 -2.40661792e-01 -7.74227735e-01 -5.23479228e-01
 1.07069386e+00 -3.35668204e-01 5.84734253e-01 1.24193513e+00
 1.89940603e-01 -8.61656521e-01 -3.84200684e-02 -3.35016015e-01
 1.59007132e-01 -3.29122568e-01 1.37665545e-01 -9.42533227e-01
 -5.45791705e-01 5.10952864e-01 -4.47588949e-01 -1.31414001e+00
 1.38217327e+00 1.26095164e-01 -7.06616499e-01 7.71875745e-01
 -5.32608441e-01 1.11077330e+00 8.22367203e-01 -3.32626446e-01
 -8.02184477e-02 -9.69620794e-01 6.53649824e-01 6.70736907e-01
 2.35118194e-01 -1.41824168e+00 -1.59941565e+00 -9.48144575e-01
 7.42847547e-01 1.40876768e+00 -4.04730976e-01 -6.82328294e-01
 -8.06907672e-01 -7.84638346e-01 1.00924508e+00 4.57934068e-01
 -1.80870746e+00 3.14739572e-01 9.13658288e-02 6.83649924e-01
 -7.60055281e-01 -7.62342496e-02 -1.10534664e+00 -3.98430147e-01
 -8.01428232e-01 -1.40632271e-01 -1.31565672e+00 4.99488767e-01
 1.72749149e+00 3.41788779e+00 -4.68194214e-01 -2.17358778e-01
 -2.32663881e+00 1.18399012e+00 5.12280678e-01 1.01223097e+00
 -2.63793039e-02 1.94276784e+00 -5.97138596e-01 1.05013423e+00
 -5.58656563e-02 3.60372201e-01 8.30967020e-01 2.86559562e-01
 -1.08228812e+00 1.72915600e+00 5.65266329e-01 -1.00127165e-01
 -4.38019497e-01 -5.52851616e-01 8.70634394e-01 5.56516827e-01
 -1.43671707e+00 4.05822587e-01 9.29087378e-01 -1.77428773e-01
 2.10268858e-01 -2.38184599e-01 -2.77839548e-01 8.39804673e-01
 -4.28512612e-01 -1.44405340e-01 -2.64857771e-01 -9.04051638e-01
 -1.40380938e-02 -1.58392784e+00 -1.95700162e-01 -1.49606610e-01
 -9.26423148e-01 2.35448343e+00 -1.40311894e-01 -3.72154196e-02
 -4.61174578e-01 1.40011784e+00 -8.60807703e-01 7.92306331e-01
 -2.41120655e-01 -1.11923556e+00 -1.06600243e+00 1.22969030e-01
 1.20816388e+00 4.76464356e-01 -2.43977435e-01 -5.48189326e-01
 1.39874785e+00 -2.82262646e-01 -6.95815775e-01 4.45387444e-01
 -5.74732141e-01 -1.39799941e+00 8.93036143e-01 6.58687368e-01
 -8.94910230e-01 -3.37763640e-01 -3.88895887e-01 -1.90632236e-01
 1.13217661e+00 1.52277603e-01 -1.32849396e+00 -7.44195158e-01
 -2.12195899e+00 -5.10703192e-01 5.99080543e-01 -5.42506608e-01
 -7.53534113e-01 -1.05663378e+00 -9.04625839e-01 -5.40571064e-01
 1.22607178e+00 -1.99126316e+00 -8.96808845e-01 -8.67357762e-01
 -4.88673604e-01 -2.85459418e-01 6.03966188e-01 -1.28344157e+00
 -1.11574052e+00 6.64579853e-01 -5.51739756e-01 -6.70289891e-01
 -1.27831055e+00 3.41997376e-01 -7.59634933e-01 3.12056696e-01
 1.16926033e+00 -1.07274668e+00 5.03766302e-01 -3.13720271e-01
 -9.96652923e-01 5.05670220e-01 -5.14178950e-01 1.94831761e-01
 -1.89212499e-01 1.67054043e-02 2.05290631e-01 -2.52222607e-01
 3.33286071e-01 -6.24431009e-01 1.79086765e-01 -1.77445281e-01
 -1.22012144e-02 1.21728389e-01 -5.45330150e-01 -6.15239193e-02
 1.09265306e+00 6.13127553e-01 5.10556483e-01 9.35047406e-01
 1.72565942e-01 3.34367646e-01 -2.61778871e-01 7.88108981e-01
 -4.23425840e-01 6.73560131e-01 9.37569859e-01 -1.06346699e-02
 2.35103551e-01 -1.00907734e+00 -2.31617447e-01 7.18013902e-01
 2.71826069e-01 2.29668265e+00 9.27133375e-02 -6.41591561e-02
 6.11851242e-01 1.03682707e+00 -1.43643542e-01 1.73649605e+00
 1.72841204e+00 -1.74934000e+00 3.11398092e-01 3.43203993e-01
 9.61958159e-02 -4.18404208e-01 -4.77470078e-01 -4.85268531e-01
 4.77237760e-01 6.82405913e-01 -9.16097710e-02 1.34574310e-01
 6.67996109e-01 -2.31619615e-01 2.65906522e-01 4.69913374e-01
 7.42713114e-01 -1.91471323e+00 8.17802304e-01 1.21945959e-01
 -1.10479756e-01 -5.50259645e-01 9.76568827e-02 -8.27440210e-02
 1.25331694e+00 -8.11656496e-01 -3.81361864e-01 -7.94578272e-01
 4.29155122e-01 3.58982367e-01 -2.71283965e-01 -9.81461085e-03
 3.60679638e+00 1.29166808e+00 2.13117559e-01 1.44374119e-01
 -1.63855176e+00 -2.21321236e-01 2.00860493e+00 1.20363389e+00
 1.85499112e+00 -8.49150728e-02 -3.05435424e-01 -9.11371836e-01
 -8.86144889e-01 -3.30782519e-01 1.15000600e+00 -4.52420390e-01
 -3.84191579e-01 -1.10548474e+00 -7.43826168e-01 1.35483519e-02
 -8.51633199e-01 1.51379629e+00 -5.47625663e-01 -1.01786925e-01
 -3.20572773e-01 1.43655948e+00 -1.25918946e+00 1.07067217e+00
 4.36524287e-01 -2.02162372e-01 -1.83568250e-01 6.27965003e-01
 -2.57937776e-01 6.32041221e-01 8.69455556e-01 -4.13259284e-01
 1.35740197e+00 -5.57552390e-01 5.93583009e-01 1.67017154e-01
 8.15980514e-01 2.58135684e+00 7.13133734e-01 -1.25277991e+00
 -1.53019996e+00 6.91747364e-01 -2.51058075e-01 4.54450108e-01
 -6.79053270e-01 9.16746127e-01 -8.99293171e-01 9.64249728e-02
 1.52302506e-01 -2.17310561e-01 5.12226806e-01 2.61768419e-01
 -9.20289856e-01 -3.32148512e-01 -8.80410317e-02 1.28768765e-02
 -2.34913639e+00 -1.30530382e+00 -6.12239907e-01 -6.38896943e-01
 9.31982311e-01 1.02801440e-01 -1.59109240e+00 -7.32197612e-01
 -2.45659780e+00 4.01040981e-02 -3.99327368e-01 5.92900905e-01
 -7.43547239e-01 1.34452683e+00 -1.65096779e+00 3.76712962e-01
 -7.76958907e-01 1.00825571e+00 -3.44181654e-01 8.30582303e-01
 -8.90582791e-01 4.52010951e-01 -4.67381111e-01 -4.73288849e-02
 -8.43472911e-01 -7.01228943e-01 3.83875587e-01 6.29782264e-01
 3.05436677e-01 1.13699252e+00 1.19064330e-01 2.37513638e-01
 -1.78939643e+00 3.82180178e-01 7.45945983e-01 2.45598670e-01
 1.80424640e+00 2.70592488e-01 2.88168982e-01 9.52132973e-01
 2.72406177e-01 9.94946439e-01 -4.72380327e-01 -9.18244330e-01
 -3.83414629e-01 4.24777324e-01 -3.02616590e-01 -1.58305643e-01
 -6.87422054e-01 -2.09376424e+00 1.14150823e+00 -5.63580277e-01
 -1.00398603e+00 6.46566173e-01 -2.09692816e-02 -9.04162111e-01
 9.30483199e-01 1.35462508e+00 -1.96924606e-01 -2.24477102e-01
 -7.56513623e-01 -3.70011290e-01 -6.57490022e-01 2.50670386e-01
 1.11189847e+00 -1.60475339e+00 -4.82554363e-01 2.99992636e-01
 2.06444200e+00 7.93497505e-01 -1.05323898e-01 -5.12139689e-01
 4.46775465e-02 -1.21518500e+00 1.59674521e+00 1.30213926e+00
 5.71805487e-01 -3.27163511e-01 -5.93554727e-02 -2.59417109e-02
 4.05889381e-02 -1.43280006e+00 2.40342376e-01 -9.79862505e-01
 8.45698027e-01 3.30595657e-01 -8.74983108e-02 2.22869783e-01
 2.76911439e-01 9.38091741e-01 8.13783966e-01 1.91505268e-01
 -1.42099899e+00 3.04617036e-01 -1.74943418e-01 -2.99003389e-01
 2.53831858e-01 4.90269755e-01 3.76460954e-01 -6.51494807e-01
 9.43526441e-01 1.30512556e-01 4.84376296e-01 -3.06910953e-01
 -6.89181413e-02 8.36698927e-01 9.75383056e-01 -1.61457525e+00
 -4.68795031e-01 -8.85092047e-01 2.38585605e-01 -1.19210084e-03
 -1.43968150e+00 1.82979854e+00 -3.91609013e-01 1.46797779e-01
 -1.91551772e-01 1.75334469e+00 -5.34067333e-01 1.67178955e+00
 -8.76304781e-02 1.25680211e+00 -9.71074302e-01 5.53981829e-01
 9.52534457e-01 1.60179114e+00 2.13329989e-01 1.38039394e+00
 1.16605632e+00 -1.07039120e+00 9.83324502e-01 8.53221791e-01
 -6.55625167e-01 -1.27183464e+00 -9.25216069e-02 -4.40087711e-01
 -9.49507810e-01 7.04924642e-01 -8.68332215e-01 -2.63669668e-01
 -1.95158649e-01 -2.55145442e+00 -7.03056739e-01 6.92247073e-02
 -1.14085019e+00 7.80684974e-01 -3.80852645e-02 -1.49326396e+00
 1.39522792e+00 2.67586134e-01 2.34635149e-01 4.42739327e-01
 4.25572628e-02 -1.07818335e-01 5.88348349e-01 -1.16003564e-01
 -9.59578948e-01 6.23871645e-01 -9.80113180e-02 -4.08145953e-02
 1.34273164e+00 -1.73253705e+00 2.60986782e-01 -3.67089188e-01
 1.73835798e-01 2.67100734e-01 3.69571904e-01 -1.18853411e+00
 3.00221598e+00 -9.56869493e-01 9.17982247e-01 2.47553558e-01
 4.46131093e-01 -5.42236123e-01 1.80722833e+00 -1.17186287e+00
 1.08048497e+00 5.77142312e-01 5.93928193e-01 5.56474969e-01
 -8.82471808e-02 1.77404495e+00 6.38047513e-01 4.11369382e-01
 -7.75027065e-01 2.37397028e-01 8.92932996e-02 1.15932134e+00
 2.04140682e-01 -2.14289051e-01 -8.82185871e-02 -4.63468163e-02
 -1.62023618e+00 -1.25755598e+00 3.76133861e-01 1.20047419e+00
 2.94109602e-01 -3.51654644e-01 -5.10647248e-01 -9.35549380e-01
 -1.26198727e-01 8.34839260e-01 1.45743674e-02 1.66381266e-01
 -1.39908904e+00 -2.08926366e+00 3.35053504e-01 -1.89785783e-01
 1.31560431e-01 4.35804691e-02 7.79073820e-02 -9.50867820e-01
 -2.49297003e+00 -8.76314266e-01 2.89263439e-01 -1.16456617e+00
 -1.20262800e+00 -1.20317228e+00 -7.93438614e-01 4.03468279e-02
 1.16136281e-02 4.37865185e-01 -4.85855268e-02 -5.89723232e-01
 1.19790240e+00 1.28102014e+00 7.21500955e-01 9.21781603e-01
 -1.21916439e+00 2.09886957e+00 -8.62984557e-02 4.07818973e-01
 3.56945552e-01 8.10207206e-01 -4.06310789e-01 7.43501875e-01
 9.34490069e-02 6.11074845e-01 1.01140508e+00 -1.70398819e-01
 1.07401555e+00 6.55758383e-01 1.12682951e+00 7.87659680e-01
 5.74345918e-01 1.59980732e+00 1.37507910e+00 1.02895259e+00
 -1.08712703e-01 1.25136653e+00 -7.76702201e-01 9.89146763e-01
 6.05571261e-01 -2.33563968e-01 -4.06227246e-01 -1.28325541e-01
 -2.05157560e-01 -2.76291685e-01 -1.34557003e-01 -3.41564994e-01
 5.07439122e-01 6.51073063e-01 -3.24376420e-01 1.03650792e-01
 -8.89121428e-01 -5.50948541e-01 4.51302932e-01 4.12001481e-01
 5.29895464e-01 -5.98616152e-01 5.38321747e-01 -8.38841887e-01
 -1.93153663e+00 1.06623718e+00 1.53953461e-01 -6.21910675e-01
 -7.49135016e-02 -1.23022494e+00 -4.03541096e-01 1.04361525e+00
 -8.75782821e-01 3.63795490e-02 -4.80381907e-01 2.96503720e-01
 -1.38815808e+00 -9.74220432e-01 -1.60971128e+00 -5.62138540e-01
 5.67197697e-01 -5.01854868e-01 -7.87561549e-01 1.53278570e-01
 8.60555134e-01 7.99639220e-01 1.18786825e-01 -1.09136461e+00
 1.06478414e+00 2.65167039e-01 7.95331455e-02 -8.24534255e-02
 -6.60892386e-01 -6.18502970e-01 2.92612703e-01 -9.09164615e-01
 2.10527521e+00 3.77454463e-01 1.40517320e+00 5.33411086e-01
 -9.77955273e-01 9.69971273e-01 1.34959146e+00 7.64472715e-01
 9.34842943e-01 1.24989312e+00 -3.14887420e-01 1.14677945e-01
 -6.76364467e-02 -3.05855071e-01 6.26924419e-01 1.06398260e+00
 1.26075638e+00 -4.71011202e-01 -3.34706264e-01 1.12380757e-01
 6.41816113e-01 -8.04980770e-01 2.36825151e-01 -8.49478018e-01
 6.08226471e-01 1.82768392e+00 5.60244390e-01 -9.50298428e-01
 -9.15727073e-01 -4.36234062e-01 3.74221266e-01 8.53113876e-01
 -3.08911167e-01 6.44459584e-01 -5.53364182e-01 -9.91034729e-01
 8.20627719e-01 -1.78833163e-01 4.96575244e-01 7.63535142e-01
 -1.13813362e+00 5.03772738e-01 8.37487659e-01 2.87558336e-01
 -1.13043422e-01 -1.06624783e+00 -7.15738001e-01 1.17639601e-01
 -5.93206844e-01 6.41385076e-01 -2.10758108e-01 -3.33146015e-01
 -2.50219526e-02 6.10062943e-01 -5.43814699e-01 -7.31529740e-01
 4.69209944e-01 -9.53187247e-01 1.12977616e-01 -1.43452661e+00
 -8.23363226e-01 -2.26178932e-01 -9.12574101e-02 -7.35117357e-01
 -2.99012831e-01 7.68487506e-01 -2.09605901e-01 -4.10622667e-01
 -6.07264901e-01 1.10006689e+00 -5.88593075e-02 1.55110328e+00
 2.18645251e-01 -1.52489938e-02 6.15050037e-02 -1.87822594e-02
 -1.05172762e+00 -1.22981003e-01 7.45124355e-01 4.28707751e-01
 -1.45483502e+00 1.06300603e+00 -2.18673403e-01 1.41298047e+00
 1.41309793e+00 -4.04839488e-01 8.58019595e-01 3.60270581e-01
 3.74940011e-01 1.69249893e+00 -4.88932646e-02 1.76996580e-01
 -6.25321725e-01 3.76816648e-01 -4.93248142e-01 9.27350375e-01
 -5.25696648e-01 1.17097012e+00 -7.61567974e-01 1.43419516e-01
 -1.23318957e+00 4.92029468e-01 4.79615928e-01 3.93162320e-01
 3.13519111e-01 9.64173637e-01 -3.44843981e-02 2.57493593e-01
 1.62462449e+00 -3.51243928e-01 7.24282857e-01 4.05504767e-01
 -8.17059616e-01 1.99075721e-02 5.93977037e-01 -8.50354058e-01
 -1.00789219e+00 1.27648479e+00 1.31150752e-01 -1.07677096e+00
 2.97871255e-01 -8.92598361e-01 -1.07106271e+00 -3.68108568e-01
 7.22170647e-03 2.14997842e+00 -4.79243007e-01 -5.49028362e-01
 -9.72607974e-02 1.74697490e-02 -5.21686942e-01 8.59721281e-01
 -8.54735070e-01 -1.13461320e+00 2.02869896e-01 1.84953606e-01
 4.95242575e-01 1.35512767e+00 2.68363523e-01 -2.73544498e-01
 9.34104921e-01 6.52989566e-01 8.96246451e-01 1.38678755e-01
 9.31613108e-01 -4.99546242e-01 4.98746464e-01 9.15072273e-01
 9.12044540e-01 7.43233146e-01 5.87070885e-01 1.56265773e-02
 -8.22743563e-01 -1.91076608e+00 1.14151383e-01 1.80384655e-01
 -7.88887108e-01 -4.91621869e-01 -2.55457443e-01 -9.74309772e-01
 -1.46292416e+00 -2.14142627e+00 5.12045415e-01 3.40848421e-01
 -5.85294320e-01 -1.65544898e+00 -3.58681194e-01 -1.07046383e+00
 -1.11491757e+00 8.68442420e-01 -7.18087276e-01 -9.64054617e-01
 -6.72074724e-01 6.77075102e-01 1.23819417e+00 7.05856828e-02
 6.55103214e-01 9.48886215e-01 -5.70493918e-01 1.66578763e-01
 1.01460371e+00 9.89056013e-01 -4.93570352e-01 -1.16477886e-01
 7.51228301e-02 -1.10612723e+00 5.51730825e-01 5.33737206e-01
 -1.39357315e+00 -1.23673042e+00 2.28736075e-01 -7.69459069e-02
 3.66419926e-01 4.08403255e-01 -5.90092305e-01 -6.99324404e-01
 1.87056196e-01 8.42526367e-01 3.96231751e-01 -1.48417857e-01
 2.75140600e-01 -7.55530245e-01 1.39423952e-01 3.01348369e-01
 8.42828560e-01 -3.54471330e-01 1.40821078e+00 -1.74777979e-03
 4.24152481e-02 -9.42465813e-01 -2.07335661e-01 1.70770586e-01
 1.16444641e+00 -2.08022058e+00 4.55344413e-01 7.70107068e-02
 -6.43153263e-01 -6.58351120e-01 3.16334870e-01 -1.19485105e+00
 -1.02543591e+00 -1.00371090e+00 4.66644484e-01 4.27208964e-01
 -1.09178282e+00 3.36204076e-01 -2.96998880e-01 -9.91462049e-01
 -1.49473555e+00 7.17172265e-01 -7.26487347e-01 9.70337506e-01
 9.48483221e-01 -2.84378418e-02 -3.67157773e-01 -2.78777216e-01
 5.52666544e-01 8.23143749e-01 2.58481550e+00 -4.20177446e-01
 1.17680251e+00 -1.02905484e+00 4.18688968e-01 1.87862476e-01
 -9.33885692e-02 -2.79190497e-01 9.39457455e-01 -3.22663672e-01
 1.93713285e-01 2.68473812e-01 2.49348396e-01 1.14424821e+00
 6.23759285e-01 -7.47109292e-01 -7.03807986e-02 -1.42593746e+00
 7.17953954e-01 -5.83158243e-01 8.08589718e-01 4.88425577e-01
 4.57929291e-01 -8.47446403e-03 2.70116890e-01 -2.47122998e-01
 8.06704892e-01 -3.61468346e-01 6.09690382e-01 2.38088725e-01
 6.38527670e-01 9.60422050e-01 -5.29515232e-01 1.16529787e-01
 -6.82848677e-02 7.64166283e-01 3.15030773e-01 -1.81029347e-01
 5.16741870e-01 -3.17428043e-01 -7.20940205e-01 4.88742721e-02
 -3.52153679e-01 -7.46017532e-01 -1.15473063e-01 5.65869035e-02
 1.58054606e+00 1.39500420e+00 -5.35538334e-01 9.95198622e-01
 6.98869338e-01 9.34121663e-01 3.28896587e-01 3.80367696e-01
 -5.70247493e-01 8.21286855e-01 7.00241603e-01 2.47691966e-02
 -1.95146704e+00 -1.46322823e+00 -8.75544918e-01 -5.98024726e-02
 -1.11971442e+00 6.82145853e-01 -1.12005646e-01 -8.14922736e-01
 -9.02190298e-01 6.47009968e-01 -4.21260858e-01 8.89908805e-02
 4.86106128e-01 -1.06652982e+00 -1.13923019e+00 3.88138673e-01
 -6.55743986e-01 -4.43957337e-01 6.25914785e-02 -7.29360025e-01
 -6.72628646e-01 -5.97131376e-01 -1.76922615e-01 -8.69078665e-02
 9.99618303e-01 1.62921912e+00 2.94306701e-02 5.40510232e-01
 1.12352690e+00 2.27455768e-01 -6.50746777e-02 2.51567793e-01
 -9.94613422e-01 -9.61711397e-02 6.45783003e-01 1.20526986e+00
 3.26749261e-01 9.22952071e-01 -2.07685494e-01 7.90746171e-01
 -9.06535544e-01 1.49987285e+00 1.36900989e+00 5.98064707e-01
 1.28740289e-01 2.20000402e-02 -7.15889516e-01 2.21459265e+00
 2.75752322e-01 3.33356517e-01 -9.39207165e-01 8.10478295e-01
 -1.54632957e+00 -6.16720589e-01 6.42166352e-01 -2.80972033e-01
 -5.37205757e-01 4.35892665e-01 -7.85135698e-01 4.11705210e-01
 -8.06980191e-01 -4.39528568e-01 -3.38848213e-01 -4.31484620e-01
 -6.38346027e-01 9.77023956e-01 -1.75889690e-02 -8.73208772e-01
 5.32537879e-01 2.13106454e-01 8.68235803e-01 -2.74006547e-01
 -1.24209538e+00 1.06249969e+00 5.68879501e-01 4.10508059e-01
 -1.21111994e+00 -7.63359219e-01 -1.08848620e+00 5.59350514e-01
 4.69649958e-01 5.13783513e-01 -1.89649114e+00 -7.95538040e-02
 1.38435672e+00 -8.81821306e-02 1.14412078e+00 3.97659835e-01
 -1.85794435e+00 -2.16463737e-01 4.93574083e-01 -1.25033484e+00
 1.10600331e-01 -1.38030269e-01 -3.94216789e-01 -6.34988137e-01
 2.03938916e+00 -1.22017844e+00 -8.80037826e-01 -1.76915783e-01
 6.17896525e-01 9.55191143e-01 1.31914730e+00 -1.02889647e+00
 -9.90270743e-01 -4.76669945e-01 5.60424638e-01 6.79076553e-01
 -8.53299822e-01 3.97451213e-01 -1.60627367e-01 -5.08126316e-01
 -1.24555580e+00 -3.96096104e-01 -7.45503556e-01 7.20989030e-01
 -5.77727455e-01 4.93698013e-01 -6.02129946e-01 6.13716302e-01
 -5.76023575e-01 -1.93189031e+00 -9.09904621e-01 9.23033353e-01
 1.50180650e-02 4.73567213e-01 -4.45110113e-01 -1.30943047e+00
 2.30748764e-01 9.51394423e-03 1.51238658e-01 6.63163381e-01
 3.03577872e-01 -1.83069825e+00 3.00523893e-01 -3.22975807e-02
 -1.40944825e+00 -1.38078951e+00 -3.04413493e-01 -6.79685389e-01
 -9.83002348e-01 -1.98632271e+00 -2.94765628e-01 -6.00093318e-01
 -1.93347584e-01 1.39683694e+00 -3.00378654e-01 -1.87478463e+00
 -5.80555560e-01 -4.86983254e-01 -5.79993562e-01 7.31185409e-01
 8.22105935e-01 4.67629630e-01 8.66371560e-01 -3.74661261e-01
 -3.20026001e-02 -6.80692115e-01 3.75853531e-01 -2.26626681e-01
 7.23204243e-01 -2.08414171e+00 2.16928338e-01 -7.71715371e-01
 1.30590447e+00 -2.09465028e+00 -6.09967432e-01 -1.69861275e+00
 -1.87796550e+00 1.27210041e-01 -4.52558405e-01 -6.03548814e-01
 1.33545940e+00 -7.31578628e-01 2.56776784e-01 4.03765221e-02
 8.71547425e-01 3.05564572e-02 1.31878403e+00 5.47696193e-01
 -2.45990396e+00 -6.84415650e-01 -3.90377563e-01 2.81565523e-01
 1.36091853e+00 1.39059755e+00 -6.90228985e-01 -1.92380857e-01
 -1.37658197e+00 -6.33428647e-01 5.68313371e-01 9.42317154e-01
 2.42312310e-01 -1.07952958e+00 -1.23170075e+00 -3.37069982e-01
 2.36004161e-01 2.96895576e-01 -4.07030719e-01 -8.61757759e-02
 1.04892093e+00 4.52803657e-01 1.27731723e+00 -1.34630952e-01
 -8.10651878e-01 1.85262246e+00 -4.59392032e-02 3.69961483e-01
 -9.53828058e-01 -7.02708952e-01 -3.81247617e-01 3.26180744e-01
 -4.24503580e-01 -6.95699147e-01 3.63161592e-01 -6.17041966e-01
 -6.01003117e-01 -2.01112973e-01 1.08656198e+00 -1.28482012e+00
 -1.59441919e-01 -2.65150520e+00 -3.56303037e-02 -1.41983316e+00
 1.46902332e+00 1.65581165e-01 -6.44646305e-01 -1.03480653e+00
 5.22566631e-01 3.49663288e-01 4.09471790e-01 7.18793139e-01
 3.49034608e-01 8.10337743e-01 5.65061234e-01 -1.03809779e+00
 -1.56412365e+00 1.76790758e+00 2.51169752e-01 8.51554019e-01
 -9.50887727e-01 2.38016096e-01 -7.59835769e-01 5.03989967e-01
 -1.50771794e-01 2.10687679e+00 -9.20764564e-01 -4.85707711e-01
 -3.38352489e-01 7.34894574e-01 -8.13071527e-01 4.88751169e-01
 3.73518520e-01 8.83221230e-01 4.94897699e-02 3.82102802e-01
 -1.96893353e-01 8.12222082e-01 1.44002548e+00 6.46592211e-01
 6.35873203e-01 2.71439587e+00 -4.82224909e-01 1.08825715e+00
 6.21226937e-01 1.08922126e+00 6.10121688e-01 1.71887313e+00
 6.72320982e-01 1.02510689e-01 3.35829345e-02 7.14606622e-01
 -1.33353652e+00 1.33344723e+00 7.81199239e-01 3.62340711e-01
 4.22745766e-01 2.54291437e-01 7.22153871e-01 -1.52721934e-01
 -5.78545934e-01 8.79921952e-01 -1.66493098e-01 7.95590603e-01
 -2.08857411e-01 -7.51647693e-01 3.89715023e-03 5.13196618e-01
 -2.27664675e-01 -2.42150281e-01 3.39300691e-01 7.69779583e-01
 9.32758192e-01 -3.69531067e-01 -7.89327044e-01 -1.51133710e-01
 -1.19021954e+00 -3.83260008e-01 -1.69991982e-01 1.36519441e-01
 7.22830164e-01 2.39623700e-01 -4.00888950e-01 -4.24036700e-01
 1.80511072e+00 1.68357427e+00 3.52323819e-01 2.07926034e-02
 1.63420233e-01 5.85073512e-01 4.82821440e-01 6.83578095e-01
 1.12140131e+00 1.11214245e+00 3.06686709e-01 3.02319052e-01
 1.54859631e+00 7.39692815e-01 -3.50695844e-01 5.16542936e-01
 -1.31602878e+00 -1.29617446e+00 1.58173327e-01 6.81958035e-01
 8.13829765e-01 -5.07701581e-01 1.36796047e+00 -4.06678283e-01
 -6.21575267e-01 1.20467815e-01 7.72268081e-01 -5.71631255e-01
 3.77825566e-01 -3.57185389e-01 2.30640692e-01 -9.54419428e-02
 8.21967907e-01 -1.78951474e-01 4.17781634e-01 -7.88225413e-01
 1.81716910e+00 4.71595352e-01 -2.84437981e-01 -4.76556812e-02
 3.00933294e-01 5.77395282e-01 3.43881252e-01 -1.08136338e+00
 -7.74704848e-02 6.71841075e-01 7.92793164e-01 -6.99990688e-01
 1.68758206e-01 -1.06686787e+00 2.70641546e-01 -7.72526877e-01
 4.01422376e-01 -8.66479416e-01 7.47595755e-01 -7.99439194e-01
 3.46954310e-01 2.72454767e+00 -4.53991936e-01 1.58464212e-01
 -1.81748935e-02 6.78461508e-01 -1.10757065e+00 1.10958099e+00
 -1.20821357e+00 -2.12201293e-01 1.87124840e-01 -1.03884488e-01
 2.37349117e+00 8.61620860e-01 4.84476064e-01 -6.46538447e-01
 1.01716077e+00 -2.56978814e-01 6.10617689e-01 9.43599624e-01
 -1.13306665e+00 -6.85290980e-02 -1.24739410e-01 -1.17279504e+00
 1.35639648e+00 -9.97223917e-01 -4.33462965e-01 -4.62496946e-01
 1.27319954e+00 -1.27034092e-01 -6.23868531e-02 -1.29912272e-01
 -1.50970785e+00 3.47484204e-01 1.16140896e-01 4.48947762e-01
 5.58030004e-01 9.64048702e-02 -9.13175527e-02 6.22555390e-01
 -1.75744713e+00 -1.62547617e+00 2.97955105e-01 1.22938223e-02
 -9.61923719e-01 8.38615458e-01 7.68508693e-03 -7.54814176e-01
 1.01179466e-01 -1.39254432e+00 2.22235425e-01 4.82335800e-01
 1.09294444e+00 1.19802671e+00 -8.83896973e-02 -4.13509248e-01
 -3.08276527e-02 -1.36964076e+00 1.00307107e+00 6.50788509e-01
 1.32649400e+00 1.51321119e+00 -1.53292950e+00 -2.68615688e-01
 4.82698906e-01 -1.38455417e+00 7.04640317e-01 3.59387911e-01
 4.75634621e-01 5.41159265e-03 9.26807970e-01 -7.48576942e-02
 -6.12059669e-01 1.08259616e+00 -6.78367649e-02 4.04609989e-02
 -8.13156580e-01 6.45219144e-01 -1.56000337e+00 4.92733966e-01
 3.64449922e-02 -9.75492937e-01 -1.70054388e+00 2.24960367e-01
 6.28292506e-01 3.32709777e-01 1.89176800e-01 -1.80360961e+00
 -8.79057660e-02 8.38386922e-01 -4.71694347e-01 4.14720861e-01
 1.12273417e+00 -7.84524377e-01 2.44154215e-01 6.47948744e-01
 1.29059104e+00 8.72739643e-01 1.64117574e+00 2.41012889e-01
 -1.18088966e+00 5.60402975e-01 7.46043940e-02 -1.09018998e-02
 1.16011315e+00 -1.50624775e+00 -1.37395976e+00 -8.95945781e-01
 9.15952845e-01 3.86062350e-01 1.06606661e+00 -8.22786685e-01
 -8.99504126e-01 1.44537141e+00 1.11875139e+00 -9.12547501e-01
 -1.24373526e+00 1.31435871e+00 -8.13711076e-01 1.16717745e-01
 1.20086344e+00 -1.61277712e-02 -2.66786676e-01 4.05459064e-01
 -1.07981701e+00 3.61123941e+00 -9.17054252e-01 -7.91464794e-01
 -1.62272824e-01 8.80683572e-01 1.20854486e-01 1.91831416e+00
 -7.26720563e-01 -1.73137819e+00 -6.21109233e-01 8.32713631e-01
 2.67056081e-01 7.18564937e-02 5.70765927e-01 -8.55069746e-02
 1.03685560e-01 2.15670739e-01 7.76589430e-01 -2.33945455e-01
 -1.66263070e+00 -1.23157613e+00 -7.79523827e-01 -4.16474491e-01
 1.21848154e+00 1.04786976e+00 -2.38779589e-01 -6.66250382e-01
 -5.52861486e-01 -4.61552947e-01 6.95612318e-01 -3.96687711e-02
 7.24002066e-01 -5.20973224e-01 4.86796014e-01 4.29058228e-02
 -3.04087751e-01 4.58920637e-01 1.43100072e+00 -1.77627228e-01
 -3.25441031e-01 1.29469414e+00 -6.82023140e-01 8.80794879e-01
 4.97531710e-01 -6.04131218e-01 1.13194562e-01 9.22929815e-01
 1.75513760e+00 -1.63585071e-01 7.13136598e-02 1.35319065e-01
 1.78434631e-01 1.40865283e+00 -8.47906650e-03 -9.49509910e-01
 9.25114029e-01 9.25279477e-01 4.64700406e-01 1.21352499e+00
 2.09714086e-01 -4.59104176e-01 1.21277577e+00 8.01097852e-01
 1.08192983e+00 -1.50142798e+00 -2.20891923e-01 -3.89531135e-02
 -7.73138725e-01 1.22996244e-01 9.30086496e-01 -8.26651273e-01
 -7.27792238e-01 8.94055671e-01 6.83969055e-02 -5.02713609e-01
 -1.42423581e+00 4.52839342e-01 8.85521197e-01 4.96643089e-01
 -7.87572008e-01 -1.33149509e+00 -1.98788696e-01 1.83215794e-01
 -5.53619183e-01 -1.98869470e-01 -9.27146165e-01 -1.15666191e-01
 1.73849886e-01 2.02749066e-01 -7.76488348e-01 3.91158775e-01
 -5.65749473e-01 -1.66948591e+00 1.56283591e-01 8.37792017e-02
 4.54551468e-01 -5.79868466e-02 7.10775670e-01 -7.08439821e-01
 7.52731701e-02 7.70715238e-01 -8.53647767e-01 -4.71958676e-01
 1.81474573e-01 -3.65508673e-01 1.19195211e-01 6.59829262e-01
 3.47253987e+00 -9.56228917e-01 -1.20423295e-01 -1.67951134e-01
 7.44950735e-01 1.20784644e+00 1.20253072e+00 -8.33373082e-01
 5.01182236e-01 -9.65378756e-02 6.08951225e-01 3.99616452e-01
 9.82230892e-01 -1.89645038e+00 1.01826611e+00 -2.45236662e-01
 1.12925212e+00 -1.62129394e+00 -2.77293348e-01 -8.99915511e-01
 -7.47021575e-02 -4.99686017e-01 4.68022671e-02 1.26950901e-01
 -4.02461672e-01 2.00899076e+00 2.92862098e-01 1.66702750e-01
 3.35182328e-01 -4.18508725e-01 -5.38400147e-01 3.38959404e-01
 -2.51769829e+00 1.24543605e-01 1.35626729e+00 -7.54677196e-01
 1.28698194e+00 3.45717345e-01 -1.18467152e+00 1.63211557e+00
 -2.65303380e-01 -1.53514887e-01 -8.67192896e-02 5.31312270e-01
 -9.58483750e-01 3.93564514e-01 3.67025882e-01 4.96966378e-01
 8.74562598e-01 -2.14418578e-01 -3.87963264e-01 -1.15803300e+00
 -1.20263784e+00 -3.61382902e-01 1.53290748e+00 -7.00854135e-01
 -2.06404773e+00 -3.78268767e-01 -1.10190418e+00 -1.08235406e-01
 1.42802516e+00 1.54443191e+00 -2.43235407e-01 -1.05827330e+00
 -4.12421214e-01 -4.82020839e-01 -2.50601359e-01 5.25293331e-01
 5.10101610e-01 1.12900977e-01 -3.96472082e-01 -5.35049424e-01
 7.56022404e-01 -1.59830780e+00 -4.24278599e-01 2.63962539e-01
 2.08871341e+00 2.65588320e-01 7.18019823e-01 -9.27594266e-01
 1.08697695e+00 -6.08793246e-01 2.86486673e-01 1.25866713e-01
 -1.34265300e-01 -1.57560343e+00 -4.58449911e-02 2.67698304e-01
 -6.21659480e-01 3.42818956e+00 -4.05156327e-01 -2.46361494e-01
 2.39042220e-01 -5.05688095e-01 1.11912725e-01 1.50653437e+00
 7.81544450e-01 1.05139114e+00 4.29883700e-01 -1.07216269e-01
 6.70794019e-01 -1.79122525e-01 1.88350477e-01 1.25128573e-01
 3.71160880e-01 -1.07218385e+00 9.08761457e-01 5.10403707e-02
 2.23472112e-01 1.25064155e-01 -1.00814858e+00 -8.67536392e-01
 1.11347775e+00 -7.06819465e-01 2.54400790e-01 -7.41460302e-01
 9.23827403e-01 -8.81325148e-01 1.02132870e+00 -1.20788944e-01
 1.34132310e+00 2.36738531e-02 9.09967989e-01 -2.32483930e-01
 -1.72228340e+00 -4.55100279e-01 -7.15753907e-01 1.84834692e-01
 3.54382265e-01 8.92805624e-01 1.32262530e-01 -4.75202481e-01
 4.39103833e-01 -1.39201449e+00 -7.91415219e-01 1.04923804e+00
 -7.05641699e-01 6.23585925e-01 8.65261232e-01 -5.32101116e-01
 2.16793155e-01 -8.63450147e-02 -1.76434084e+00 -2.08645269e-01
 -5.22082673e-01 -4.23853423e-01 1.10865169e-02 1.01905709e+00
 -6.63861685e-01 1.86507253e-02 3.49658906e-02 3.70211079e-01
 -1.20622164e-01 -6.30364689e-01 -3.07260139e-01 1.66571457e-01
 1.40015220e-01 -1.23372104e+00 -3.24727237e-01 -4.70624558e-01
 -9.11459016e-01 2.14181400e+00 -6.57614587e-01 -5.03597486e-02
 6.89409413e-01 1.22456476e+00 -3.95928476e-01 1.23517723e+00
 2.77997343e-02 9.07946476e-01 1.35612507e+00 9.72427679e-01
 4.06255780e-01 1.84029666e-01 -2.35250031e-01 4.65711743e-01
 1.46898448e+00 8.23935064e-01 1.40394802e+00 -4.94170912e-01
 2.09473533e-01 2.15478621e+00 2.53771218e-01 1.64156434e+00
 -1.42170364e+00 -8.14611136e-01 -1.15841559e+00 1.20253478e+00
 1.31867972e+00 3.70970327e-01 -5.43258162e-01 -2.49345352e-01
 1.25271862e+00 3.01680873e-02 -3.52054145e-01 6.49505331e-01
 7.07911681e-01 4.35821879e-01 9.88257338e-01 -8.03338691e-03
 2.43583480e-01 -1.59841383e+00 2.77792036e-01 -4.74080007e-01
 2.68019662e-01 1.83500679e+00 -7.82019982e-02 -3.43775039e-01
 4.10563453e-01 -1.20622240e+00 1.17637464e+00 2.01566539e+00
 1.00177645e+00 1.78109233e+00 1.06496578e+00 -1.73313320e-01
 9.60658765e-01 -2.03434916e+00 3.76088695e-01 9.72006664e-01
 -1.13630779e+00 4.07036866e-01 7.95569354e-01 -6.90906341e-01
 1.10915018e+00 -6.03744374e-01 -1.83828912e+00 -3.69979370e-01
 5.57583214e-01 -1.39978475e-01 4.43797603e-01 -3.74725716e-01
 1.19681634e+00 1.41840007e+00 -4.08216030e-01 2.87825755e-02
 -1.53618754e-01 5.30058147e-01 1.06336240e+00 -8.80458243e-02
 3.79572880e-01 -5.08656758e-02 -9.85231102e-01 6.69145420e-01
 6.14290604e-01 -6.19235798e-01 2.16079030e+00 -2.40751091e-01
 -6.10641600e-02 -9.88892737e-01 -1.50349304e-01 5.75452786e-01
 -5.95215018e-01 -5.19716968e-01 -7.04513261e-01 -1.04887247e+00
 2.79742554e-02 8.35972766e-01 -7.02491115e-02 -3.75602462e-01
