 9.15238888e-01 8.27372559e-01
 3.66623018e-01 9.68924023e-01
 9.47201930e-01 2.18255946e-01
 1.83746538e-01 8.27674525e-01
 7.41390457e-01 3.99566479e-01
 7.32531307e-01 8.26371958e-01
 6.86825791e-01 6.77645840e-01
 9.65320754e-01 8.31754708e-01
 2.33354380e-01 7.31074266e-01
 7.82091784e-01 5.15033975e-01
 6.61397467e-01 9.36691580e-01
 8.91565275e-01 4.83350475e-01
 4.23605759e-01 9.79048033e-01
 9.99111896e-01 2.42032467e-01
 3.52630711e-01 8.88202204e-01
 9.96265051e-01 2.12673689e-01
 3.80057504e-01 8.11039735e-01
 9.99999917e-01 3.48258983e-01
 5.14451847e-01 9.26188069e-01
 9.68172071e-01 1.42175816e-01
 5.97860387e-01 8.82095438e-01
 9.21043208e-01 2.77045163e-01
 6.24264437e-01 9.84351379e-01
 8.63618745e-01 1.80260643e-01
 8.07577125e-01 9.61789556e-01
 5.84024567e-01 3.18701136e-01
 9.97951770e-01 9.84053801e-01
 1.89822853e-02 6.77286968e-01
 1.94450514e-01 5.44052646e-01
 9.07484654e-01 8.09061529e-01
 6.64230859e-01 9.99987666e-01
 7.91707351e-01 1.76493990e-01
 7.10936189e-01 9.74631426e-01
 8.73890524e-01 4.12724879e-01
 4.78933372e-01 9.84707940e-01
 9.72348148e-01 2.62808677e-01
 6.07679875e-01 9.33302831e-01
 8.68854353e-01 1.79796305e-01
 6.91689758e-01 9.54833626e-01
 7.49412867e-01 3.21538114e-01
 9.07472059e-01 9.99825023e-01
 3.18918820e-01 4.38642583e-01
 8.25433663e-01 8.80204655e-01
 5.06314861e-01 9.60349842e-01
 9.96244642e-01 3.82544283e-01
 1.21201781e-02 9.87647710e-01
 3.51732380e-01 3.19558392e-02
 9.92750102e-01 8.62093393e-02
 5.41657528e-02 6.84090489e-01
 4.21917935e-01 5.41886814e-01
 9.95082095e-01 8.36826471e-01
 6.34079431e-01 9.33051332e-01
 9.97597939e-01 1.38568342e-01
 2.43460315e-01 9.48310965e-01
 8.44993404e-01 1.05256345e-01
 5.28415594e-01 5.75830011e-01
 9.52176659e-01 8.22907653e-01
 6.64863221e-01 8.76571976e-01
 8.03657480e-01 3.13175699e-01
 8.92445842e-01 9.99517711e-01
 5.66713058e-01 3.54909612e-01
 9.44349325e-01 9.38815280e-01
 2.57666618e-01 7.44441100e-01
 7.86127852e-01 5.25567751e-01
 5.67546920e-01 9.53012661e-01
 9.97496107e-01 4.53671301e-01
 5.61491175e-02 9.99549787e-01
 6.24984646e-01 5.89948546e-03
 9.55814895e-01 1.20247177e-01
 1.70973551e-01 9.35093176e-01
 7.03003559e-01 2.06282810e-01
 7.24767971e-01 6.12190359e-01
 9.73759710e-01 9.00652794e-01
 6.32625325e-01 6.08848867e-01
 8.50820369e-01 6.60567246e-01
 8.03018735e-01 9.14038116e-01
 7.19411427e-01 4.14991497e-01
 7.38552470e-01 9.52471539e-01
 8.19184976e-01 5.48573280e-01
 6.69463706e-01 9.17558803e-01
 8.09243169e-01 4.57208604e-01
 7.87676567e-01 9.83954126e-01
 5.88771348e-01 3.70838051e-01
 9.73929548e-01 9.74873116e-01
 1.43799926e-01 6.82304918e-01
 6.55387941e-01 5.69356326e-01
 8.04457076e-01 9.17720664e-01
 8.10368890e-01 6.71546527e-01
 5.28663555e-01 7.73420570e-01
 9.85890443e-01 6.59189866e-01
 3.51705716e-01 9.64711092e-01
 9.95074404e-01 9.63567209e-02
 2.59130685e-01 6.95364927e-01
 9.23811482e-01 5.23293530e-01
 4.49770861e-01 9.52660778e-01
 9.88865991e-01 2.31796378e-01
 6.14696410e-01 8.98600577e-01
 9.31533925e-01 2.12403091e-01
 5.10319578e-01 9.70105418e-01
 9.60963868e-01 1.87046495e-01
 6.02771400e-01 9.08412706e-01
 8.95105327e-01 2.44184372e-01
 7.32576811e-01 9.76577464e-01
 6.86215100e-01 2.40169111e-01
 9.70153029e-01 9.99257215e-01
 1.61658457e-01 5.30127705e-01
 5.85685430e-01 7.49719187e-01
 8.92594572e-01 9.92146078e-01
 7.25194483e-01 6.66110748e-01
 6.86384255e-01 6.87848365e-01
 9.03735078e-01 8.29395606e-01
 4.43687192e-01 7.33971136e-01
 9.88602743e-01 5.93330785e-01
 2.80542023e-01 9.98629669e-01
 9.23827633e-01 2.53721648e-02
 3.44090408e-01 5.18244885e-01
 9.75705512e-01 8.04571889e-01
 3.62459820e-01 9.77899522e-01
 9.99575128e-01 9.06374406e-02
 6.28547452e-01 7.00897393e-01
 9.54642128e-01 5.09338247e-01
 2.78763974e-01 9.80987534e-01
 9.73490353e-01 1.24597135e-01
 6.47354599e-01 6.44022035e-01
 9.00064153e-01 6.18678451e-01
 5.85472703e-01 9.29226417e-01
 8.91659397e-01 3.12277151e-01
 7.72953574e-01 9.89544908e-01
 7.55633370e-01 2.23478974e-01
 7.91621652e-01 9.99987273e-01
 5.92591990e-01 4.29037443e-01
 9.94662522e-01 9.51309564e-01
 2.52821539e-02 7.04171100e-01
 2.42826858e-01 5.11631569e-01
 9.55275314e-01 7.85551100e-01
 5.09922326e-01 9.99194692e-01
 9.61427218e-01 8.89870092e-02
 3.27678737e-01 8.39126279e-01
 9.26525721e-01 3.59114099e-01
 3.65330305e-01 9.01901272e-01
 9.99750561e-01 3.13708717e-01
 5.96526421e-01 8.96984051e-01
 9.15846176e-01 1.95867036e-01
 6.29119583e-01 9.56899523e-01
 8.65052625e-01 2.38314944e-01
 7.40340773e-01 9.82426395e-01
 7.04782886e-01 2.81779311e-01
 9.57564234e-01 9.99510702e-01
 1.63026452e-01 5.03970542e-01
 5.85480744e-01 7.86985650e-01
 8.91271698e-01 9.97501210e-01
 7.09752272e-01 6.60132041e-01
 7.13338363e-01 6.95953916e-01
 8.82399290e-01 8.35402489e-01
 4.72004302e-01 6.98883477e-01
 9.76220088e-01 6.62110344e-01
 3.17715811e-01 9.82013262e-01
 9.54514570e-01 8.17888478e-02
 2.58017076e-01 6.39405345e-01
 9.05370374e-01 6.47259135e-01
 4.91008024e-01 9.91027404e-01
 9.68166966e-01 1.96471024e-01
 6.61528907e-01 9.02330654e-01
 9.01273088e-01 2.42233892e-01
 5.08682282e-01 9.90738401e-01
 9.55772811e-01 2.04315503e-01
 6.30548882e-01 9.17629729e-01
 8.63240214e-01 2.37168004e-01
 7.71441523e-01 9.82501178e-01
 6.02341374e-01 2.84721499e-01
 9.97932261e-01 9.96845715e-01
 7.11984489e-02 6.40974833e-01
 3.73978380e-01 5.91797726e-01
 9.99925452e-01 8.86428422e-01
 4.90533354e-01 9.32188297e-01
 9.66294105e-01 1.31163958e-01
 3.56057144e-01 8.56887076e-01
 9.62523113e-01 3.22372742e-01
 1.99675900e-01 8.96592662e-01
 9.05355637e-01 2.61920085e-01
 7.48964328e-01 7.10121117e-01
 7.07213219e-01 6.21188366e-01
 9.32144831e-01 8.62986983e-01
 2.77383045e-01 6.74871729e-01
 7.96220802e-01 6.31530896e-01
 6.88634069e-01 9.91703330e-01
 8.77297016e-01 3.79175562e-01
 4.39193694e-01 9.95401854e-01
 9.99252448e-01 2.38396682e-01
 2.75090326e-01 8.96052034e-01
 9.73374198e-01 1.98429884e-01
 4.97221236e-01 7.22819031e-01
 9.62474608e-01 5.15314988e-01
 5.96370982e-01 9.99842843e-01
 9.02272247e-01 7.39451238e-02
 7.26463104e-01 8.91308530e-01
 7.96176122e-01 3.70229551e-01
 7.69592522e-01 9.90650530e-01
 6.01479032e-01 3.80903819e-01
 9.99935109e-01 9.77350851e-01
 8.52615752e-02 6.64955966e-01
 4.88074548e-01 5.57919858e-01
 9.68607429e-01 8.72680511e-01
 5.07008669e-01 8.69855788e-01
 9.59133675e-01 2.96979434e-01
 3.59045618e-01 9.61579336e-01
 9.59050808e-01 1.52287551e-01
 2.19333219e-01 7.61204728e-01
 9.09324014e-01 4.81231963e-01
 6.70856610e-01 9.10338789e-01
 7.90233883e-01 3.28152888e-01
 8.94186914e-01 9.99999019e-01
 4.59508964e-01 3.75531960e-01
 9.94773741e-01 9.27251729e-01
 8.64970153e-02 8.50416167e-01
 4.66598196e-01 2.85654021e-01
 9.78521127e-01 6.05805678e-01
 4.87563663e-01 9.94757679e-01
 9.77198229e-01 5.27283651e-02
 1.83355890e-01 7.88668580e-01
 6.49099006e-01 4.13448030e-01
 9.21106043e-01 8.37432921e-01
 2.40186634e-01 7.63286684e-01
 6.46438901e-01 5.31606596e-01
 8.77661175e-01 9.47921670e-01
 6.75513583e-01 6.46735511e-01
 8.27114600e-01 7.25008115e-01
 6.04738783e-01 8.39582369e-01
 9.67519061e-01 5.55515152e-01
 1.40301708e-01 9.74318677e-01
 7.32893922e-01 1.12941677e-01
 7.85970226e-01 4.42354557e-01
 6.47893876e-01 9.69287971e-01
 9.33003790e-01 4.29585057e-01
 2.21134561e-01 9.93997015e-01
 6.38789346e-01 1.40669508e-01
 9.60397099e-01 5.92705954e-01
 1.45576067e-01 9.46409926e-01
 6.45684259e-01 1.77701020e-01
 8.14503005e-01 5.42046099e-01
 8.70779442e-01 9.64757313e-01
 6.02684736e-01 3.92753358e-01
 8.82447331e-01 9.30550464e-01
 7.66714732e-01 7.15660222e-01
 8.03252743e-01 6.42267355e-01
 5.49614973e-01 8.32733653e-01
 9.98668823e-01 5.95521304e-01
 5.89248058e-02 9.78935461e-01
 6.16273989e-01 4.42898639e-02
 9.40977569e-01 1.95776071e-01
 2.96653477e-01 9.64674820e-01
 9.17547224e-01 1.79793750e-01
 2.61002320e-01 7.25892494e-01
 6.81136111e-01 5.85985330e-01
 9.71732906e-01 9.76587221e-01
 1.15191541e-01 5.67400018e-01
 4.46797210e-01 7.09335690e-01
 9.99972621e-01 9.69209307e-01
 3.03859535e-01 8.26938578e-01
 9.84824260e-01 3.16217870e-01
 3.55706708e-01 8.55658822e-01
 9.78351294e-01 2.93588189e-01
 9.17037150e-02 8.77005931e-01
 7.26995187e-01 2.68364018e-01
 9.16085818e-01 5.90486693e-01
 3.47134646e-01 8.99205256e-01
 8.92973342e-01 3.35300465e-01
 3.92286644e-01 8.99152542e-01
 9.29777246e-01 3.72536585e-01
 4.76058157e-01 9.44691886e-01
 9.85268072e-01 2.35303736e-01
 4.95119975e-01 9.16688044e-01
 9.76940674e-01 1.86475165e-01
 4.92885516e-01 8.98618345e-01
 9.72279888e-01 2.33396405e-01
 5.77799837e-01 9.25078413e-01
 9.15228791e-01 1.94748080e-01
 7.09526288e-01 9.48265550e-01
 7.55282398e-01 2.54377523e-01
 9.08910483e-01 9.98697065e-01
 3.20549065e-01 4.31514969e-01
 8.32537138e-01 8.84110511e-01
 4.93958924e-01 9.58114458e-01
 9.88354415e-01 3.74870053e-01
 3.79413400e-02 9.82794163e-01
 4.12189712e-01 5.68704396e-02
 9.99827137e-01 1.80634286e-01
 3.37715477e-02 8.34207703e-01
 3.66356136e-01 3.04385885e-01
 9.99570992e-01 5.61964417e-01
 6.13039164e-01 9.94862057e-01
 9.97178651e-01 1.11029121e-02
 1.36645114e-01 8.58730821e-01
 5.64910078e-01 2.67418977e-01
 9.83451264e-01 6.44860392e-01
 5.62521701e-02 9.55996350e-01
 1.79969485e-01 1.17438182e-01
 8.64166109e-01 3.17212365e-01
 7.60259168e-01 7.47173908e-01
 7.74983705e-01 6.26263383e-01
 6.12652511e-01 8.50600317e-01
 9.99259110e-01 6.08644631e-01
 4.73360203e-01 9.51027575e-01
 9.96836400e-01 9.69552162e-02
 2.85225130e-01 8.15371161e-01
 9.58628576e-01 3.40318878e-01
 3.95861336e-01 8.59782710e-01
 9.99809859e-01 3.30202966e-01
 5.92346021e-01 9.24959233e-01
 9.24977640e-01 1.44802126e-01
 6.20430924e-01 9.30908904e-01
 8.86698715e-01 2.67458224e-01
 6.96620318e-01 9.87431157e-01
 7.65185905e-01 2.35896967e-01
 9.20352832e-01 9.95446083e-01
 2.86096517e-01 4.21438979e-01
 8.10546745e-01 8.83178358e-01
 5.21347376e-01 9.71346017e-01
 9.94889836e-01 3.88643709e-01
 1.98957018e-02 9.91898395e-01
 3.60653776e-01 2.62489868e-02
 9.95144333e-01 9.01600450e-02
 3.80915021e-02 6.98394541e-01
 3.85977132e-01 5.19003830e-01
 9.99794858e-01 8.03835455e-01
 6.27690902e-01 9.63971182e-01
 9.98370307e-01 7.11550196e-02
 2.31308899e-01 9.09306221e-01
 8.21659138e-01 1.76123321e-01
 5.95263808e-01 6.48863427e-01
 8.85748858e-01 7.78608517e-01
 8.01387004e-01 8.60219485e-01
 5.82759327e-01 4.43531232e-01
 9.99991796e-01 9.40015058e-01
 2.61204321e-01 7.26706943e-01
 9.26759576e-01 4.71908943e-01
 3.16231236e-01 9.28771470e-01
 8.99753340e-01 2.68066628e-01
 3.34778097e-01 8.27191735e-01
 9.69837943e-01 4.71550858e-01
 4.51653401e-01 9.62491526e-01
 9.91135019e-01 1.30761760e-01
 5.19691842e-01 8.25622903e-01
 9.73631553e-01 3.32906498e-01
 4.42841019e-01 9.78272751e-01
 9.91249849e-01 9.38781968e-02
 5.92567413e-01 7.85370915e-01
 9.22517368e-01 3.96860188e-01
 6.28887071e-01 9.99888224e-01
 8.41971161e-01 1.49167922e-01
 8.52001958e-01 9.50740414e-01
 5.41194946e-01 3.71608360e-01
 9.99392082e-01 9.49998426e-01
 2.03372232e-03 7.58729072e-01
 1.21883181e-01 4.25252316e-01
 8.19637772e-01 6.71998718e-01
 7.88341319e-01 9.57515329e-01
 5.88675974e-01 3.96033058e-01
 9.39791999e-01 9.66006089e-01
 5.46036513e-01 6.92327810e-01
 9.79705744e-01 6.00424547e-01
 9.64826011e-02 9.78549158e-01
 5.27736073e-01 8.17475428e-02
 9.46740521e-01 3.24694304e-01
 3.73185842e-01 9.78223206e-01
 9.73518025e-01 1.44442103e-01
 9.93069393e-02 7.67317200e-01
 3.46473466e-01 4.51163169e-01
 9.00292633e-01 7.97922876e-01
 3.08179468e-01 9.79149696e-01
 7.98276845e-01 2.26581189e-01
 6.58745607e-01 7.83552354e-01
 9.45029334e-01 6.61474783e-01
 3.09079820e-01 8.97458901e-01
 9.87046736e-01 2.90213573e-01
 5.51224273e-01 8.39434216e-01
 9.61826742e-01 3.16929238e-01
 3.54367340e-01 9.82616503e-01
 9.94519752e-01 1.08026956e-01
 4.99702615e-01 7.10980107e-01
 9.81694486e-01 5.02269948e-01
 5.13517642e-01 9.99996109e-01
 9.53914718e-01 3.62835751e-02
 6.75698986e-01 7.97321056e-01
 8.66402133e-01 4.35644812e-01
 6.55253243e-01 9.87602559e-01
 7.98934183e-01 2.70675986e-01
 9.14263403e-01 9.94513521e-01
 3.88867145e-01 3.70440741e-01
 9.58565507e-01 9.18943550e-01
 1.37431174e-01 9.05252576e-01
 5.48631381e-01 2.53818319e-01
 9.24036031e-01 6.29422820e-01
 6.07329897e-01 9.68296702e-01
 8.84871944e-01 2.03742294e-01
 3.94877594e-01 9.64306283e-01
 9.28887900e-01 2.78896339e-01
 4.55371103e-01 8.93576554e-01
 9.86564305e-01 3.23552223e-01
 5.64400257e-01 9.51125104e-01
 9.16615974e-01 1.20738572e-01
 6.65749406e-01 9.00862443e-01
 8.21384160e-01 3.31729038e-01
 8.03187502e-01 9.99993642e-01
 5.57043137e-01 3.25338506e-01
 9.96347544e-01 9.83481065e-01
 8.89277502e-02 7.07833587e-01
 4.74340222e-01 5.04128935e-01
 9.74737500e-01 8.34397138e-01
 5.24292663e-01 9.04681242e-01
 9.46054974e-01 2.26622675e-01
 3.65075668e-01 9.37956831e-01
 9.54106640e-01 2.18523130e-01
 2.59833188e-01 8.26610039e-01
 9.50540730e-01 3.90481468e-01
 6.26050337e-01 8.77720160e-01
 8.57974074e-01 3.13983899e-01
 7.88245623e-01 9.96404107e-01
 6.49728951e-01 2.70037923e-01
 9.61678450e-01 9.96603028e-01
 2.08302970e-01 5.82254973e-01
 7.07187318e-01 7.04136432e-01
 7.19034963e-01 9.92333142e-01
 9.33192685e-01 5.10671126e-01
 2.04782815e-01 9.47235113e-01
 8.06887647e-01 2.24846892e-01
 6.72043565e-01 6.74677730e-01
 7.77024365e-01 7.68094788e-01
 7.99737097e-01 8.06278231e-01
 5.66412782e-01 6.59758082e-01
 9.99985554e-01 7.88864181e-01
 2.43364495e-01 8.73778280e-01
 9.07961247e-01 2.36536763e-01
 3.98988542e-01 7.29497298e-01
 9.90451759e-01 5.93646603e-01
 1.89516651e-01 9.99945759e-01
 8.79409071e-01 1.91127560e-02
 7.48327995e-01 3.73732585e-01
 7.60757996e-01 9.35919302e-01
 7.93273886e-01 5.31805637e-01
 5.52149247e-01 9.14406521e-01
 9.88137283e-01 4.99188442e-01
 4.66351215e-01 9.97364442e-01
 9.85472600e-01 2.87863513e-02
 3.76723833e-01 7.45113923e-01
 9.99009056e-01 4.66243332e-01
 3.63052565e-01 9.75340689e-01
 9.99593166e-01 5.06425743e-02
 6.26845654e-01 6.56246610e-01
 9.09399833e-01 5.69874188e-01
 5.88430193e-01 9.61301304e-01
 8.90025135e-01 2.41879530e-01
 8.02599958e-01 9.71205210e-01
 7.01164401e-01 2.58282293e-01
 8.77631063e-01 9.96293352e-01
 3.77904636e-01 5.13552683e-01
 9.10837580e-01 8.46975277e-01
 2.84584785e-01 9.49429025e-01
 8.05208919e-01 2.59941368e-01
 5.28234865e-01 7.92543576e-01
 9.97439958e-01 6.42691956e-01
 1.26347045e-01 9.70784022e-01
 8.25214868e-01 6.25423244e-02
 8.19952252e-01 3.42099545e-01
 6.04433176e-01 9.72005887e-01
 9.49747872e-01 3.72802305e-01
 1.75699061e-01 9.99481777e-01
 5.18551955e-01 9.89630738e-02
 9.98879287e-01 4.73884981e-01
 2.58128118e-02 9.99942800e-01
 3.44582524e-01 2.35443864e-03
 9.97611210e-01 5.55411068e-02
 5.95805198e-01 6.40148342e-01
 9.79596075e-01 5.93262754e-01
 6.42710463e-02 9.64253310e-01
 1.96781555e-01 1.09148339e-01
 5.60519746e-01 3.16764487e-01
 9.76624363e-01 7.63362547e-01
 3.60153459e-01 8.95100260e-01
 9.98551958e-01 2.40096181e-01
 5.88679838e-01 8.40199650e-01
 9.95294927e-01 2.96495740e-01
 1.93924810e-01 9.86815352e-01
 8.89988245e-01 3.54593998e-02
 7.29579548e-01 4.06151305e-01
 7.46581255e-01 9.12301367e-01
 9.01950665e-01 5.87988891e-01
 2.98012061e-01 8.88062817e-01
 7.40922112e-01 3.75878697e-01
 8.78940609e-01 8.93652762e-01
 4.05211196e-01 5.97314729e-01
 9.86435548e-01 7.73180854e-01
 1.28536670e-01 9.68176277e-01
 5.85277074e-01 8.87162654e-02
 9.13620190e-01 3.87307033e-01
 5.08994011e-01 9.99248369e-01
 9.84707522e-01 1.66670995e-01
 7.30112575e-02 8.94806811e-01
 2.81412370e-01 2.26454537e-01
 8.44119225e-01 5.09251827e-01
 4.37064755e-01 9.56178522e-01
 9.45230898e-01 3.59523517e-01
 2.42591554e-01 9.58623669e-01
 7.28275816e-01 1.83046922e-01
 8.63881774e-01 6.70108839e-01
 4.15261061e-01 8.41289667e-01
 9.63223157e-01 5.02733240e-01
 1.45102786e-01 9.93275065e-01
 5.17507539e-01 8.51111513e-02
 9.90773322e-01 4.07429418e-01
 1.50371071e-01 9.94365540e-01
 6.88286605e-01 2.95014231e-02
 7.51429357e-01 3.27390874e-01
 9.44147455e-01 9.99754217e-01
 5.46252674e-01 4.35723239e-01
 9.26151669e-01 8.55698256e-01
 7.56316352e-01 8.38435450e-01
