# Created by Octave 3.0.3, Sun Dec 27 21:06:19 2009 AUSEDT <liz001@LAURA-EP>
# name: x2
# type: matrix
# rows: 140
# columns: 10
 0.6815876987416766 -0.2659760818220802 0.5137222982243952 -0.005368274306971395 -0.06095715409946642 -0.6470082769554909 0.7961628329806479 -0.2978308414286945 0.4088586996993654 -1.109830227830433
 1.502794591022279 0.7693940421648935 -0.2071206382542964 -0.1420094071921073 -0.8207049150839602 -0.3211120020158791 -0.3533527298526203 -0.3595636130012721 0.1187477676394799 -0.6516208567146921
 0.7646649210041572 0.3912762361985246 -0.03228068174376102 -1.414575618766258 -0.0957547631334198 0.8741035813161615 0.461649627742608 0.09867622697268799 1.598015260839982 -0.7267095825175953
 -0.05464750008325976 0.8787642018231384 -1.427332212851672 0.08958922031497181 0.3602192891674597 0.5595620877250137 -0.3532642917901025 0.2941832984395154 0.6763903790631908 -1.321208771330779
 -0.3739184493014415 0.9737922603791206 0.4179863444714214 -0.1228034673618254 1.44433482579662 0.04791597616218966 -0.08023421528662102 0.6570030836510931 0.2747869984759575 0.6787736765149538
 0.6600237808209815 0.1307378031476621 -0.8352169014850367 -0.1762388999743556 -0.2587575249554191 -0.6248596687682717 -1.075332701885659 0.8942314931260591 -1.626869288525888 -0.7256829769750961
 -0.01578322725788541 1.074724131329095 0.2664181167172658 1.166861022804564 -1.428049139651111 1.23491296137231 -0.4060007525255566 1.087354358591903 0.4828252892411769 0.7248046364162357
 -0.7447616179267509 -1.188215018899625 1.196786525523829 0.1352022215385928 0.4645083919393853 0.4053777181351231 -0.8524848123929761 -2.134584967430532 0.6164899353895293 0.6333275958663487
 -0.5343427617066485 -0.6796991675295698 -0.6111745048254723 -0.6022043943586524 1.144687397543843 -0.5871390024042894 0.7127576293992033 1.123181984459213 0.2496053845869144 -1.229718737801439
 2.249605945719285 -0.1602537813068809 0.3897567164841698 0.5278125093710216 0.5295146985460739 0.4999406352722419 1.232111252246661 0.4575408150717384 -1.418027937441024 0.8066162559110336
 -0.5114285556102972 -1.779826200671594 -0.04224780077334273 0.4281831470819288 -1.44893436448768 -0.577323861337689 0.1584405499273724 -2.03290096838207 -0.4977313969099564 -0.6637856168099227
 -0.586890346131571 -1.000742741919084 0.04404171663852609 -1.965015429015689 2.000000207903703 -0.3887463991963732 0.4341564219664558 0.3842712990172905 -0.8891803327327508 0.8284061034734552
 -1.191161209800231 -0.2176272830595536 -0.3620019774354709 0.804320225522811 -0.06335228935774498 0.1675256498868808 -0.871403555432261 1.142112333839429 -0.4581147582819333 -2.21819814437595
 -1.495312353988018 -0.2286857102143521 1.159363469705685 -0.2021997120303922 1.308001589390438 0.03506602760560159 -0.3835721935211325 1.463099222737911 1.77223935282207 -1.889504265998267
 -0.4490347142035782 0.5741638705521246 0.2208972271821001 0.6482611246091212 -0.4987302083512782 -0.3482887792391232 -0.3438018523839659 -1.394241226947976 -1.196589359165459 1.866268108547782
 1.278060787820174 1.551214974703447 -1.13068418119964 0.5527008318108451 -1.682255491527546 0.2659634361329557 0.8354598478450727 -0.260990582937721 -0.1413938625123811 -0.4156877919126251
 1.253660604640826 -1.837119854701044 0.6871611083859481 -0.143859131823752 0.4893378433588618 -1.091030751327781 0.04323718540439846 -1.154957169696025 -0.6101142870732651 -0.9581157537202236
 0.6921663251931808 -0.03849725238624196 -0.7201452552893105 0.873060467120591 0.03057436222760791 -1.936868107324857 0.5392265157241295 0.02583363648383271 0.6809612488874826 0.3408050884222951
 -0.07641646327591367 0.6054482526113802 -0.7739477629170436 -1.42876046798373 1.114239353228521 1.868684818429319 0.3500600311648797 1.559046402160729 -1.676047868698129 2.362612235600844
 -0.6306715524576492 0.2511709572409047 -2.005551048285544 0.6922874875209503 -0.4225870570400512 -0.5597678939023754 -0.4072608507954513 -1.784116680547303 -0.3421629679207547 1.648372706928735
 0.5242580071425342 1.432257222184499 -1.29780683792786 0.032572333210638 0.6702524741497785 -0.6257831298415347 1.308308981050037 0.4261181120135894 -0.1805010261482382 1.634070042652668
 -1.452871991735937 -0.5011049649582607 0.2618886828525088 -0.6431859215481249 1.093284644112365 0.801139833672451 -0.2645224748067914 -2.450829747812645 -0.8730165861642586 0.3749452020006477
 0.9622528156334096 -0.2012140332086911 0.7331755059101096 0.05697742305205516 -0.1604425809603817 0.08096551970745555 0.4262426827125216 0.2395719120113688 -1.197188238507457 -1.365973917476367
 1.491263641200216 -0.1529598006423998 1.949821371579747 -0.1257580385113932 1.291702927778844 -0.1877314531717344 1.51507911941217 1.267917343120962 0.2899573471731022 0.1076889285589962
 0.3724772869534192 1.236770076965657 -1.270494765696889 0.4881675992703564 -0.764155637351864 0.4862576138824948 0.9605099837868674 -0.8763838444946432 -1.068192674985351 -1.053855723133237
 -2.213943503995819 0.142655912169668 0.1343776179672478 -2.162861918890787 -1.089322666934398 -0.7123591643236724 -0.3057505004502725 -1.599656115544403 0.02899853551683084 0.09425436277490291
 -1.364199188747054 1.250864176599165 -1.447367157905661 -1.155266719141288 -0.3977510603320276 1.746784845222895 1.006841693480325 -0.334819174769827 0.746660304655331 -0.6592866515467187
 -1.223481811741513 -0.9683851725354921 -0.05125205386845044 -0.2528778145768327 -0.446168391887808 0.1705282235669365 -0.3524641693304796 0.5980357671312441 1.500975338587292 1.673839520433111
 -0.1660161601678897 -1.797882821325347 1.271164957121431 1.112619571917102 -0.1554164295341649 -1.170077312303688 -0.2328314338260696 0.8564463203590549 -0.9581158584289029 -1.648327110486961
 -1.116992887689477 0.5509576686381354 -0.02133802954084421 0.4617790451662564 -0.1749771422893231 0.6904250320515973 0.1159614706271058 -1.185107515978963 -1.050953036647595 0.6046244251845463
 -0.6431879526403327 1.856352102406971 0.8480366555189985 0.3716236597273185 -1.444826439105422 0.367575693821249 -2.955310606188462 0.7537752737549324 -0.1452400199962052 -0.5757729506226602
 -0.2297895123888864 -1.807583046230645 -0.2477994974768823 -0.6365579439385479 0.9771994574719733 -0.4015066994260824 0.58092034218511 -0.9125388209144193 -1.042801180881164 -1.381484623895789
 -0.8752082808185501 1.385430147645396 -1.271866702680989 0.3584473875124956 0.7343902239682224 1.413184819247841 1.988678678898808 -1.61595670939534 0.1009385257469101 -0.9762450644426364
 2.943534386245238 2.154069407726767 2.316047299894905 -0.2492466831926828 0.06931427884750198 1.300634506299983 -0.4328022319159375 -0.4714525272718081 1.172257901438436 0.6103171700566464
 0.6521220292589327 -0.8716686873527557 0.6077435627935573 -2.449622340105047 1.129241315244018 -0.1482468319102522 -0.1430699930592955 -2.58430597469635 1.691634495405314 -1.589218416218906
 0.3812203067596873 0.1652638857380531 1.968710538864706 -0.8167307006500915 -0.3015869480963286 0.3152065152928207 0.6680430530389018 -1.080259197146892 -0.4268624073185587 -0.5841811966110017
 0.4233927955594203 -1.651573439678921 1.456413990160664 -1.260167880447353 1.241225399621189 0.9640309059347936 -2.27028874698932 -0.3536001422034374 -0.09232235146710541 1.184828600100271
 0.03242364834940428 0.6441648533242272 -0.228962267363785 0.2837598873271879 1.174987310754362 0.1860045405082831 -0.359338914115505 0.5532007174871048 -1.146843581444217 1.433268378765957
 -1.963587956999888 0.5200408148711514 -0.06058931967029403 1.405179309192645 0.08102152322316597 -1.105413981885015 0.2948540593784553 0.3721264902906081 -0.2741364236216086 -1.47568098444941
 -1.247270995978255 -0.3483485024399887 1.154561224151095 0.3514233940464451 0.4821352721372678 -0.5000706273992533 0.4040278812721081 -0.9644086834739478 -0.857936167612925 0.4394814400989527
 0.6385838890443161 -0.9255512718638537 0.6611211124067972 -0.4100628736369978 0.4588984692413826 -1.524293588154905 1.307988941764849 0.2384971179095413 -0.3875218544352219 0.2356339928176492
 1.638131403191892 -1.636334371103728 -0.3212562674828965 -1.089557551921669 1.364355041468425 -1.835324774903644 0.4039052465322345 1.339579032586229 0.4663253958364334 0.7582425792255066
 -0.8907946439926814 -0.2493873370821047 -2.478770305342038 -0.4444185441261672 -0.223825948523143 -0.2375826448348445 0.3488004444369365 1.174188680187625 -0.5716050966713 1.378614868797849
 0.1706908983301655 -0.9201710585552514 0.2006242456192762 -1.108353820209413 1.121642759911907 -0.8503424811939878 -0.3859368325288302 -0.5112020384619986 0.6127828330832065 0.8795471871357564
 -2.052495708855638 1.149861209817004 1.822332695797223 0.05297558194464545 -1.110645510992959 0.6420739273594117 -1.850761008819569 -1.022698901445197 -1.485291199517782 1.303626737984768
 -0.4571481546677258 -0.8693500394729496 0.4575419673857158 0.4662008363639992 0.7045438940481257 -0.1098862672400988 -0.3872095981340208 -0.73567598420707 0.5540396236202499 -0.3800690545369131
 1.029286375696017 -0.174970047072274 0.08978495632137508 0.4711499068565064 0.9738662752657758 -1.030898110524303 0.07202921989973894 -0.6318627338928363 1.30157640037509 -0.5128655281220609
 -0.2625180857020494 0.1473944409088262 1.593723748177003 0.4564608646939389 -0.4233488942689927 0.0585233322483994 0.2911671213822966 -1.253402892487591 0.9254048981804314 0.482453839650396
 1.041268457598501 -1.517334964989607 0.4952103334163969 -1.387460286449668 -1.078682729211715 0.3535322226753152 -0.1231827683870087 2.06027994410652 -0.07097644187302099 -0.6925319798031985
 1.247491499950197 -0.5266197972586748 0.7567329508821202 0.4396599099827884 0.428326390113499 -0.6054408348919345 -1.44682436343911 0.7697222154821692 0.1376758863274566 0.340207431699485
 0.5305334845630052 0.878695491042131 -0.2067823186141811 -0.8433337813161135 -0.337235910115376 0.2867998231241483 1.050206045407713 -0.2191733010181926 -0.03380475290767001 -2.565505260027928
 0.5406525156727477 -0.9669058793622997 0.5795976807842604 -0.05799402525990289 1.107331190447047 0.372035037908877 0.5012030813886866 -0.7251428025438442 0.3953292406964637 -1.051014691276787
 -0.4885677947826121 -0.4267909029964491 1.082108181375665 0.9425219290775214 -1.325178075833739 -1.062248731685339 -1.512492674413597 0.5907144204478356 -0.03912393533154899 -1.373579772177186
 1.258079649277944 -1.069312955483943 -0.9638518773770636 0.4600437618431599 -0.2699405996169653 0.8054838331211377 0.554973190390645 -0.8154156293186695 0.03571844106554025 1.251014804883957
 1.510347275165817 -0.08535194393888636 -1.783115557926699 1.349147319417065 0.05396469673815673 1.733096586219613 1.034104480975208 -0.8457078877867201 -0.4827294105499366 0.2643685071314853
 -0.8942816906126625 1.314476170693895 0.9453150326230181 0.1469637633121642 1.147250998600733 -0.8517744704904853 -1.523677455232117 1.067676966160795 0.05572981994325998 0.2694306866568578
 1.143127504381932 0.4963691915975357 -1.528511256494314 0.9926715162596265 -1.259217743302449 -1.280683784409574 -1.055232231090502 -1.796931912994633 -1.768609416495381 0.3983477336192355
 -0.9631985630493152 -1.122019726043798 -2.041350676819745 -0.06131800573505537 -0.7587123470765741 1.209924903531465 -0.05227736595110081 -0.344039122492322 -0.975526494565483 -1.223919708004964
 0.2125193191407162 0.7720532005216488 1.330118243563824 1.225862172574948 -0.8143142657594818 -0.3206807344063858 -0.2488349099767133 0.1968046298971192 0.7813622996270665 0.3722002742721765
 0.5445114221853214 0.6257439624293971 -0.2858741781091045 -0.5737429502877767 -0.02452242465122886 -1.521158876913636 1.060541980474744 -0.1334847076916743 1.267877829453325 -1.520676054948003
 0.4622256823947313 0.5324051401746323 -2.055947257665125 0.2470197558633432 1.708918364843433 0.6174270061371664 0.05423176636970303 -0.6932416472302207 2.275115575405743 -0.5678301508687227
 0.08863239690667697 -1.212945183819238 -0.5131746908711839 -0.6822881061278553 0.2455722448226771 0.07089728886852831 0.8902994531631786 0.6145291908891121 -1.910765723397849 -0.3850401544578662
 0.329164770462253 -1.48959314197783 -0.9661590368239495 1.163790990429709 -1.191364375294477 0.0002202667338322845 0.5153323008758086 0.2723086261872558 0.6904863519773492 0.9224454712741432
 -1.350387010972078 0.1237750729492855 -0.7241767024636713 0.8508218879388564 0.804590350380239 1.126244398402391 0.08442547318650181 0.1238898146394315 0.8949953048158733 0.2659619262865244
 0.1178517372346278 0.3201137118355875 1.58750952053789 0.4705482887117901 -0.1273759723434462 0.7650805536642682 -0.1247121271342669 -0.7275727068449589 0.9112358891126137 0.3521199301329165
 0.8974431881841799 -1.275136040197755 -2.141144278491011 -1.95254845236207 -0.959902560377765 1.356050203770786 -0.6382984794273074 1.264953871502644 0.810403608301009 -0.1573695656288446
 1.256838280452432 -0.5837035640055853 1.816213888936943 -0.4245520880649932 0.7080832865426379 -1.836730444379231 -0.03428937169797177 -0.05169123124594301 0.8974169319911016 -0.6894597086221829
 0.1615063565310839 0.5194847673863756 2.32382551044203 0.2180227271529548 -0.5462919117791045 0.4915395845132998 0.02790445781449253 1.120230713059588 -0.08174610404035235 1.358918032746086
 0.0100616719903251 -0.7335350755205167 1.370503253399044 0.9079894345949818 1.236620927289356 2.599168320182453 -0.650589181865721 0.5240715802441185 1.303928390305903 -1.047284335290025
 -0.7564428848313216 0.8312840001830054 1.03942643325587 0.5233781761012699 0.3852819654302149 2.196708567163221 1.961450000844058 0.4219826364305517 -1.31081072094637 0.1670502165650692
 0.6112647067241546 -0.4180417129142433 -0.9299706033637994 1.625138222406618 -2.074108216723006 -0.03986286744056226 -0.07614569475511986 -1.83890554458582 1.079516097981218 1.217733984694999
 -1.297207931309929 2.995849866708042 1.025255518141396 -0.3779248913469169 1.131484496332507 0.9820523999727061 1.580970287962705 0.624771548349369 0.9278669708161595 0.3972868147972295
 -1.176358920750662 1.368149776059241 -1.637520177452651 -0.5955626483089598 0.6776589884248817 0.1136194320824028 0.1423568257654466 -0.8095628303486753 0.8418073394465049 -1.581211054861995
 -0.1910733778869703 1.246872132818148 0.01443092832997532 -0.3230889997699327 1.712268340384135 0.02201908909481983 -1.879543029287532 -0.5118768489448832 -0.8578025852659855 -0.580958518105111
 -0.4260322038540408 -0.3572658561865725 -0.4702273115945817 -0.07998514506900455 0.7821883868823957 -1.487462602221252 1.195699771395711 0.2174739757314749 -0.8787122746590988 -0.09232981594928577
 1.086831190133288 1.336126103657129 -1.453604619348068 -0.7710602531856245 -2.045750057501745 1.585560607462349 0.6306362887433034 -1.146841443891866 1.214028163582219 0.3817739289397232
 -0.8541303244463008 -0.8508417792332708 0.4069438111020761 0.1953721905541403 -0.797402693872862 0.08694219341777724 0.5603691447309921 0.9295384766128151 -0.4586405420775239 0.9764572318395673
 0.6455292476379557 0.9904159383278269 -2.036099530834025 1.789135054158988 -0.234264368876818 0.1672333524923942 0.3950754840365661 0.2533634193002838 -0.4816232988658817 -0.7356620604554222
 0.5901850675960039 1.159749307369906 1.62185353028142 0.8283965054929647 -0.4903975543691006 -1.522390846452658 0.7163081073465291 0.6020989479562282 0.7962106223503244 -1.449757348512472
 -0.4502020412562694 0.6510697978257677 0.5563521254953272 -0.1030747045071952 -1.741768171705109 -0.5336294848633508 -0.5869314926450896 1.884287112735669 -0.2467846587999606 -1.325406960370876
 0.4175056780773084 0.1795372802974146 0.9260654169577074 -0.544513301021796 0.03479890030379482 0.1583066373328483 -1.495879240051475 0.2733420459224309 0.8884618561005997 -1.291265391504159
 -0.5696697186522343 0.2120300583561031 0.3882294907921244 0.3431484531008829 -0.893366876406772 0.4925583025548562 -0.9863048118877435 1.455553896851901 1.205017156523289 0.4341184463327709
 -0.7533051018619483 0.2961088022966844 0.461586420515112 0.3589126317993104 0.4047056479884408 1.204472739070021 -0.998173935257273 0.9671227230129534 1.157557083356467 -1.281679740333507
 0.8859426103802023 0.09728106610551326 1.352502075457104 0.9989369207041019 -0.7197689604952022 -0.5220824737800759 -0.4126608453251551 0.4521866196346185 -0.3270708449018734 0.04833860352096915
 0.1938002011625183 -0.3561804876871211 1.107360671972597 -1.615747008683693 -1.128952074947429 -0.05152891347134525 -0.09384497019351577 0.6277694189199684 0.1430851375365761 -0.2966336249251703
 1.299975452503068 0.9770192159046949 -1.442451979265506 -0.6230920719136052 -0.3461120552003604 -0.3101514152688931 0.4279806523262454 0.9547430233185439 0.3773641812089191 -0.764675359511748
 1.690757321300663 0.7857955857755057 0.8210317546772641 1.131011188344115 -0.1551568757274947 -0.02008423922420945 1.423897454284562 0.5785469541327971 -0.4336782401034512 1.148712131955924
 0.1344580268711043 -1.195984145053137 -1.089908652240196 2.089618692371354 0.1550890805552197 0.1819777985345497 1.205360272625796 -1.065924431049419 0.500421648593919 -1.54898380959284
 -1.185770736424171 -1.824136745671743 0.3972301998946125 0.4095892396581198 -2.197429460490744 -0.3326739544313347 0.3844827916494132 -0.0718245851484708 -1.339664273844804 0.8045144870596559
 0.2789962346616041 -0.2858947210008944 1.383731438501685 1.451109297732462 -0.1002876373857167 1.875621183269723 0.4698055564284372 -0.6460176870747902 -0.2498856391894542 1.050830059507888
 -0.3173796409258749 -2.318283877621947 1.114780709261258 -0.3885348138938899 0.3327082578231928 -1.445716340911784 -0.3878508848954016 0.4018454206004202 -1.332647361293439 -0.4014315945743554
 -0.3252120748392021 1.132206316941886 0.05164874723002638 1.11306044667148 -1.811312897654111 -2.272511425069576 0.2372570097954946 -0.5846265425347921 -0.1052764559384701 1.107999873781859
 0.3368322415724969 -0.7097793456031146 1.077193456561021 -1.791310463028211 0.551219952848239 -0.009482133821069128 0.06877235092379222 0.2980927022093767 1.595971672779275 0.6389720710097962
 -0.6084985886484804 0.7461134948916821 -0.2891009150566284 0.004297193516685769 0.4998765216987439 -1.528021989535204 0.009670762281560462 0.5560483447750112 -0.4496029226746125 -0.7440778744485709
 0.6575707547639437 0.2689420040357125 -1.533138688017469 0.2416374105133985 -0.7451230610635196 -0.3986191964782947 -1.19450681473226 0.4551463092778805 -0.3313577718002264 0.3399173260031129
 1.532284574290729 -0.3164030973190342 1.187162200025107 -1.386545588278399 0.1854506037561518 2.389531519624283 -1.364906321973402 -0.5617060590317283 -1.834436657388067 -0.7751718351732639
 0.3594016273556019 0.6145462667131962 -0.7231349930004833 1.4336348484723 -1.504548779731021 0.3705172110731559 1.339955885852058 -0.1394190013883785 0.1989585109150151 0.3964185453800827
 -0.8198302556777501 2.901366012346289 -0.0704524422176805 -0.7951965381037732 -0.1580033824533659 0.7343478185788794 0.01287137439181211 1.612623018655215 -1.08844753581937 -0.169743930408969
 -1.868228997259111 1.880635518621852 0.9512900197787026 0.4670493966948954 2.73642633706367 1.500726481320816 -1.32540098832943 -1.068682668736692 -0.1677977730723532 0.8637682409543316
 0.5657572181746132 0.8099155832727644 -0.2115985188127073 0.6551607439199366 0.1625551397528703 -1.404451673010724 -0.2629093683472453 -0.7090497681197494 -0.5341949074682193 -0.6539821784418843
 -1.284469108270409 0.01108593958997169 -0.1273485070452791 0.02078437370453389 -0.4026222735997264 -1.053536970061129 -0.8724567980117797 -0.1725987853098986 0.9780516026527998 -0.1060502477508771
 1.749690888102093 -0.7660341535433605 -0.2998970219497135 -0.6092292041062479 0.3426664324639916 -0.8421001924580257 -1.693297562839037 0.4715491645797158 -0.6693713227317363 -0.6428359715852028
 1.97149080218577 -0.1042186432459848 -0.06595636024186557 -0.6516035265315988 1.240835917318102 -0.8573022297399105 -0.3168695354676174 -1.407687300241655 0.09200010741653825 0.7517376051427787
 -0.1357693123270034 1.293751314527636 -0.08080837587871273 0.9389300775944374 -2.107672764597509 0.1967506568848718 0.5667094463255864 -0.8526377184927326 0.6370484746939318 0.9450467787067223
 -2.067558999910157 -1.999558824999215 -0.09838375977297641 -1.785745647844298 -0.02316719695267998 0.02603773137198146 0.4625249409477263 -0.7541340167086678 0.1926884296842495 0.6215445621940493
 -2.232437897916364 -0.08012002277845669 0.3564188210145794 0.3207725769880862 -0.6433464735508301 0.5456443952507432 0.2330775878265122 -0.1911129216615102 0.4054049522947785 0.09955675416228633
 -0.1904161297119604 2.369147696465118 -1.14813982266789 -0.8495830324516621 -1.150273268882549 2.824683583614207 0.6462703782820542 1.26521127283307 0.8247811778590247 -0.4276668056491445
 -0.4645655808686746 0.2830938813673894 1.250175847387385 -2.069998693874028 0.6064596614578126 0.1272511138058908 -0.6895184076799875 -0.1441192526249719 -0.7582472631648294 0.3757032492592345
 0.2760269588383635 0.614465921838906 0.5748291038824846 0.9877943638950988 0.658032644736292 -1.141139233975947 0.09827945326601258 0.9518511420622568 0.1870101058640678 -0.2010525923177056
 -0.2117154582772516 0.3972594376157584 -0.1687575636176152 -0.1264309568820003 1.279713672674044 -2.437830269303965 0.237210380686329 -0.300190382974011 -1.07297572665741 0.06160514024646772
 0.5380800417221439 0.8789456946734292 -1.113963973588344 0.5134361216473846 -0.4315985915254411 0.3820950240319643 -0.2096891961942748 0.6623379673086903 -0.9001187146153863 0.5755915676905931
 2.540875238189995 -1.475961674221894 0.01056052477745222 -0.6122977835038989 -0.01560880372961278 -0.6955608577088768 1.00952607470873 -1.192612533043907 -0.2096414183182456 0.6467450525232925
 0.7578748696591839 -0.1253093259091088 -1.309022137143673 1.332680416363092 0.24590250154099 0.0359617923949295 -0.5393754228063161 -0.00174437791263084 -1.427473726403881 -0.8303762496875765
 0.1113432145152945 -1.395475927454221 -0.581019028979581 -0.955604396665703 -0.1626374884374363 0.09932272938712486 -1.818709564294949 1.207163388875811 1.700845767099121 0.6150083350128838
 -0.8932178466245089 1.634693126754505 -0.0981656487038091 0.1016336137003779 -1.268915628457248 0.2896124093775398 -1.587490950981467 0.5483378881872835 -2.207941488148261 -0.6239096555872959
 1.153584807628553 0.1876829626169622 -1.493248364060132 1.236117559395904 -0.3698077497907802 0.7963827861619316 -1.376842773996107 1.818845406886256 0.2620411908475203 -0.09135006574949092
 0.4360297754433262 0.1018182070899535 -0.6976962356130405 0.1506271682663093 -1.040085416053492 -0.8422886227925483 1.626363156692042 -1.769781737577591 1.255001376580999 0.8733746114194837
 -0.9483290932231754 -0.9220131642200378 -1.842134748406465 0.2711857147449861 0.2799819072177952 -2.395882220275787 -0.01142071382456581 -0.8707795771075595 0.7626071652884023 -0.9169578319959947
 -1.021664487436298 -0.9920522044195041 1.310996221331896 -0.1877920191821715 -0.5566494802389915 -0.8412486111289877 -1.29716052668992 1.778673174708871 0.418234166946933 -0.7183899301113168
 0.4503423792295181 1.125411931296775 1.743753333236798 -2.610009411796995 -0.8287167191233454 1.102828382219998 1.450363880919813 -1.579671216837372 -0.3113141701676316 0.08846791621994124
 1.029951780800667 -0.1320014385379446 1.620726284031158 0.003347764722005548 -0.634439691805617 -0.4467172652357883 -1.845153781717151 -1.174546690154379 -0.1055954527024012 -1.452967253673653
 -0.7165004776125415 2.201939337846198 1.212754392500603 -2.288965307926902 0.3025373390907172 0.0932300634972619 0.5075062220393307 1.700497053498181 -0.3428725307216773 -0.1492254029303679
 -0.1775144258185668 -0.7005701026313665 -0.02450379922758045 0.3420402168595525 2.24726276096472 -1.809621841033062 -0.9339574972602472 -1.371772794447546 -0.1714759988374721 0.08210638801620572
 1.00104647887796 0.9572825352583826 -1.042016769495843 2.128177867975381 -0.2933434526280458 -1.084356930309194 0.7674790385672324 1.254518646114629 0.5312023272156123 1.705718360035566
 0.7935152842458743 0.9911102761076259 -1.156463153314904 -0.9427843913143268 -0.9537680439330904 0.146311039171615 0.3744779376446374 -0.5470621330995016 0.8310719528705206 -0.2996466897076721
 -0.6569515440003076 0.4072438017331699 -0.8460975330521853 -0.5692223728882676 1.630483245703149 -0.187261004250342 1.215525453198764 0.06081324381353052 -0.03093838451036114 -0.9896858277053053
 -0.2702787991836929 0.4078198872364163 -0.4259440602876874 -1.44739629892944 1.473001843905944 0.9457135106003997 -1.277912875211594 0.9568381204907389 0.9956208280689834 -0.7898596410922656
 0.8404667953850338 0.6863171497398146 -0.4551013830251202 -0.5623913295707815 -0.8349940250767004 0.5632598871751956 -0.1904303527996447 -1.122405540715935 -0.4802039076991703 -0.3811351114960372
 0.7834509248406396 1.216059349342371 2.150817522550756 1.45035697193342 0.1631580982218412 1.415742192399856 -0.6535285432602951 1.197195342556074 -0.7127256976241055 0.4849769049886404
 -0.03395817378675301 -1.377022269590942 0.6262353367187744 0.0714126942107013 -0.5690262500754284 0.295563891392029 -1.668818140241193 1.166564877239405 -0.4429505643443961 -1.037534200991297
 -1.005657032869683 -2.380124258682856 1.101673358318606 -1.471744273943214 1.734603370578263 1.576254915800706 -1.07063013850626 -1.072306279253787 -0.5404612901310917 0.3541928892020912
 -0.7222769389690266 -0.9079210614925002 -0.8098925836341081 0.7660327405752262 0.04262629747393744 -0.1185969085622633 0.1680249694627407 -1.207486680661284 0.351866409857367 -2.271338907435967
 -1.542743510389567 -0.3514667647503341 0.6700507348006282 0.8482534031639155 0.5712421991165101 -0.3171274152032021 -0.8429971668807005 -0.3488806515633834 0.6090573870806294 0.01277986143239394
 0.7809044951914069 -1.561250860642868 0.4647981338081103 -0.3211382856851815 -0.5423091372559339 1.465503873245309 -0.8536209705684471 -0.3875676861534432 0.8530151899844011 -0.6278312954163671
 0.8234173318779148 2.127281214020114 0.03721281013695762 -0.5584901143577699 0.3783724534663159 0.2954828186555092 0.8074024151015272 -0.4237025682508691 -0.5005049631969358 -0.9129930083869948
 -0.492327690781738 -0.5719162791671932 -0.3326497980142882 0.05362616707728608 -1.025938506160103 0.7356711599893269 -0.2037655473287795 -1.13843730656364 -0.07983857254767843 0.1494602320632884
 0.4424016173279717 -0.9520291948207783 -0.4324928974904365 1.4256708053282 -0.795580237669976 0.7646790478625385 1.369780641859167 1.433063612824967 0.649167256295043 -0.1972482903036893
 -0.7115792804025806 -0.8532065785442938 -0.5096131141037273 -0.7004323107696484 -1.173208406753985 0.07351527282465539 0.0842606607790035 -2.487210294800241 -1.260022555436546 0.8998683123833519
 -0.6978036916207393 0.1933108195110223 1.31615656723319 -1.282024967614897 0.7748622291267272 -0.9375638435726268 0.6623440982976523 -0.9525205019924886 -0.6675006684104486 -1.371750084262378
 0.2896062071745351 -1.998478785191688 1.306572373284541 -0.4589193225071189 0.4863553443153649 -0.5960482865909272 0.4209483308126571 0.1249014708544809 1.046993345025895 -1.903280917780365
