# Created by Octave 3.0.3, Sun Dec 27 21:06:19 2009 AUSEDT <liz001@LAURA-EP>
# name: x1
# type: matrix
# rows: 140
# columns: 10
 -0.6529198266704322 -1.366055084022273 0.5686285477442189 -0.6099380292674933 -1.13776013257371 -0.5611720846659222 -0.09275569296663635 -1.198907868361423 -0.2373078166043222 0.9284094788707339
 -0.4054172607459795 -1.027375112753855 0.4816419014925346 -0.3042546403913462 -0.7909856166526342 -0.3941026654102822 -0.1258283364237498 -0.8343715643510756 -0.4311971451181361 0.6374223412941646
 -0.3579105808877832 -0.6810467436647971 0.3906853819161484 -0.1910222553931505 -0.4651612443141966 -0.2608180422783725 -0.2501849113206467 -0.773493736658066 -0.2327623990179834 0.07619036674184293
 -0.1479326188179366 -0.463066567530662 0.6400636312993967 -0.1381862881882908 -0.3284474866421384 -0.3784841219400244 -0.1524931631335351 -0.5526855846557239 -0.2635792417864585 0.03136716420313358
 0.04396410624449255 -0.3553239336453769 0.4369556289207261 0.05453724926487018 -0.1981220910548506 -0.2744334870979959 -0.1115681287412647 -0.2919155644210444 -0.04448470497720916 0.01605148985176235
 0.04477293639172 -0.2645409916090545 0.27504456173701 0.02811503258065279 0.1459942665735177 -0.1891475290171214 -0.1517973623864098 0.2176037273323011 -0.04747755547176402 -0.1507829886039483
 0.006833221363102104 -0.4736576044106857 -0.1296005323984122 0.2891213370067987 0.03277924823191604 -0.07554863456595094 0.07080606163618899 0.1421737920244314 0.2008709020726827 -0.1567839280038504
 0.4029404828575404 -0.4640003294425569 -0.09300653505867283 0.1699351491426636 -0.4428931631225745 -0.1950079802015837 0.04441565485987983 -0.3609060069149383 0.0523282631051766 -0.1029869823707329
 0.1375555700956546 0.2211101490392754 -0.2028459870559502 -0.1871180966058223 -0.6074850033895447 -0.1710829382801408 0.5080180445856212 -0.4182149591526442 -0.125340862850002 -0.175875294115912
 0.2160122664144595 0.3949440629156052 -0.1820046401002717 -0.2616684549866662 -0.03953182354505774 -0.2485257897571554 0.1755633821674079 -0.5261633927644929 -0.3506860277099417 -0.3066093334694503
 0.1271733733207194 0.445583200024523 -1.084404471849205 -0.03910082768500914 0.04501009954803052 0.02112906673176587 0.4316803289155746 -0.3937713947450194 0.05267207014895792 0.1427332908298856
 0.3972822017290175 0.2152800558036632 -0.682716915473377 -0.02937870881583154 0.9151690914903403 0.03514281870022425 0.6140813120284272 0.4980154271690716 0.005319281655897269 0.3222212263421373
 0.394808082443197 0.2007461947362889 -0.3213464348560909 -0.01482879793716918 0.8711811674210402 -0.2313372472409425 0.3621993837132932 -0.251834908550537 0.1116208461048907 -0.1265793858444494
 0.2654282121019376 -0.1580498882078126 -0.06123594548852923 0.0842547845072151 0.5881201878789946 -0.3722023243366564 -0.1545924041918766 -0.1721482800028173 0.6580183171721576 -0.06596673320061883
 0.1833940186431413 -0.2789961752068622 -0.8378805813915416 -0.07443152759393357 0.9858049641484264 -0.2372741709138078 -0.764551785795393 -0.2102401777313482 0.678041210813458 -0.6329379939358782
 0.06838336298285611 -0.05149450769636119 -0.4253233587005077 -0.07488553208325982 0.8986685401862103 -0.2329539322804041 -0.3473674367947458 -0.2330739844484149 0.2821409177402663 -0.3758724427836026
 0.1716382935439067 -0.1014603012004964 -0.3519393364850087 -0.3358122426540464 0.7607838305455342 -0.02453994674172277 -0.3432257547692311 -0.9460137620342817 0.09331150460347358 -0.9081181435934749
 0.721453082086834 -0.08600334002443336 -0.4758204093491888 -0.2261552961840399 0.3629994062046016 -0.01904398190563975 -0.6746353194470744 -0.9319013137313434 0.05289018467768862 -0.4516436275417599
 0.5273863875707482 -0.05602328348020509 -0.1916727529720098 -0.2748051323763035 0.254336538431075 0.1279024187766273 -0.4668803716435347 -0.6526840282937078 0.09215447138568444 -0.3098017760947693
 0.7085880586993574 0.1245116512022199 -0.09574763195829364 -0.2736420460654312 0.6991808333407994 -0.06051388704122068 -0.3625573037913225 -0.2544945389846827 0.3126249638174663 -0.242405112451308
 0.4538324097662947 0.3051384190129692 -0.002285607319175792 0.05348529562574209 0.7156099685731245 -0.1269421982777027 0.08376737835198078 -0.2099886559795878 0.01744217335668713 -0.08972948812232813
 0.04879796466537889 0.3808451391897179 -0.0299886576001204 -0.4719399955807313 0.5866089936583293 -0.07607513597242227 0.1256559145098616 0.1410001248507034 0.6535700750898717 0.04260492622840505
 -0.08627796921796488 0.4610814624992541 0.359522343587608 -0.3511406296601229 -0.3932100630243729 -0.002211455662056556 1.156181709289975 -0.065655021587707 0.4277446227378671 -0.4466973431678702
 -0.06528199808392789 0.353391756092966 -0.09393368549277509 -0.1520452324006154 -0.2867783048836763 0.00573784393328669 0.8784858205668684 -0.03627352546735979 0.1247503197863692 -0.3590040378004947
 -0.03708278896331257 0.8236727567760143 0.06396727495649206 0.7798084313187913 0.2905869498687026 -0.05314352272075235 1.182179784549849 -0.08466505452382868 0.1362723979659397 0.326578056968191
 0.1544587076896582 0.3240383000632232 -0.07458616038707325 0.1797690298829083 0.4043189614844961 0.1034664899536065 0.7295959261667424 -0.3427909860931017 -0.2082810044859631 0.1432154542944387
 0.07763442146905594 0.3735555074070683 -0.07147064807081517 0.1135125137351954 0.8057857728279718 0.270815377199233 1.573181628007735 -0.2865731858747578 -0.1544421987165886 0.8237604706705502
 0.7098412711630302 0.1603558837044665 -0.3556074682136998 -0.3577221204914253 0.6040024455148382 -0.1593804459370387 1.238255153584801 -0.3498609958844304 -0.3072487257212933 0.7394158316178548
 0.4473477888538095 0.04901326462557755 -0.7998500357398232 -0.2449861305660304 0.3427543149066851 -0.084827201498848 0.6472728423525727 -0.1152838405716539 -0.3920646448535008 0.6813547558671063
 0.944242022021667 -0.02551300219137375 -0.5121762102741778 -0.2602804392750324 0.1999962716753162 -0.1370948841189156 0.4104358107980223 0.003127470243201175 -0.1593105420327321 0.484688820764454
 0.7750879052237343 -0.05908714465520867 -0.006351227022617756 -0.182938624278275 0.2022074081082005 -0.07990184572856297 0.6844320675073692 -0.02673227034396581 -0.09048343816647191 0.3979166415687388
 0.7472665072622471 -0.709653019621815 0.02357913041500763 -0.8799205537423589 -0.1851771477237757 -0.385410294940809 0.333656694731956 -0.8233445685947347 0.4471379656029417 0.5573301368847688
 0.7408135659327559 -0.6557908229661109 0.08839282375247659 -0.6591299182799218 -0.3971437356225485 -0.3807240440425957 0.2964672415205253 -1.106251949649951 0.07223681979095639 0.3227660397675874
 1.10593015198716 -1.423139172275674 0.03537230655053995 -1.220191201002849 -0.6340234578565224 -0.05265582771389338 0.6318166771164966 -0.4691424578284767 -0.5318655496575095 0.03311290622655783
 1.614648206587392 -0.9349837087792774 1.059935047314893 -1.154850972887213 -0.4536199380811689 -0.004496723164694051 0.02595065632951127 -0.2836073902047197 -0.4515498747733973 0.08438772333221436
 1.169020381023798 -0.5435676047866234 1.072900169092863 -0.8344806412142606 -1.193025480014542 0.1019925291437315 -0.4874193975028324 -0.4938224616322795 -0.247874072007935 0.2799923477385365
 0.8339419427748316 -0.5969952189912452 0.7022115330063559 -0.1895814291700706 -0.7373802136840231 -0.0922886108312545 -0.4647386010068762 -0.3606281524216796 -0.2905893074391342 0.1615033227565755
 0.1061090081609282 -0.1770643261603854 0.479821487560366 -1.12465108826492 -0.6478353929225874 0.7936814599072245 -0.3702305465201299 -0.8674321774959389 -1.01038342658302 0.270710093489095
 0.1102215819788972 -0.1835809918451901 0.3247195853933005 -0.7625732460270662 -0.2584836280415442 0.5249872310005501 -0.2537803469049589 -0.3801368656401838 -0.861777129466669 0.20092627805604
 -0.09530300898760623 -0.09558979241230012 0.3887910037748334 -0.5391607742768759 -0.1718934631065702 0.4917879087414045 -0.3968571712780534 -0.2534554562604055 -0.7337771492104194 0.09292052846158935
 -0.01445245004069771 -0.1838072538079308 0.5931773721216853 -0.2374700644360036 -0.2598180570920759 0.3868469909167947 0.08306367385535107 -0.227804149389038 -0.4603751779168151 -0.1153616323993565
 0.4131268457347184 -0.0350795998050113 0.3409845966167069 0.09319268615340751 -0.1490388512663021 0.1098855823981033 0.1038346968229064 -0.2868831231311477 -0.2298006274689556 0.00716040806984411
 1.190150295408216 0.137763179958338 0.4678599001393601 0.02630775273207381 0.4439712260799136 -0.0551034958073215 0.7310062318771093 -0.8705805008148341 -0.06898299246027424 0.6755101372086719
 0.850880237725437 0.2193014860215156 0.4802567576756659 -0.2409634283356634 0.2319356897294997 -0.08507646277729206 0.197916066109585 -0.5926605433887649 0.0959703489610256 0.5326719828853695
 0.830354328724237 0.2126985488669524 0.3675586660510491 -0.1919028855998012 -0.009660836777282938 0.06877284486375032 0.1123639857247224 -0.7244933420848274 -0.0346556523661269 0.4303066511082255
 0.8027368009786002 0.7167203593740797 1.171857210259122 -1.146142709463426 0.3339941974521634 0.01872744895982251 0.7083803220075982 -0.8902717967438356 -0.7480694176713447 0.9850931993876053
 0.5905746499138347 0.5871624922223568 0.7443165897161454 -0.8554492890206602 0.07830113141523343 -0.04104601727759881 0.5967601009894061 -0.806938836351034 -0.4794986766088167 0.5929409572573693
 0.467515142217231 0.3973599706138445 0.9229300695513651 -0.5968743602056938 -0.1297941501499766 -0.01855124402030651 0.2226217597008039 -0.6159764138533297 -0.3467314647974016 0.7157748567444255
 0.329848403703124 0.1686670657883343 0.5731703919750675 -0.278600065333395 0.06833211347747005 0.02688604798476788 0.254547510175339 -0.4499032717713752 -0.2005696166509285 0.5343834221133704
 0.06996584177746254 0.0419296499016522 0.3790476153360622 -0.2133204596746021 -0.618884038480465 0.07009359332290821 0.8217746130090139 0.1760846161090429 -0.1148063297150418 0.03710890497403208
 0.1446272281610978 -0.3047451014008227 0.316858180117727 -0.4777822227582483 -0.3343111255520328 -0.1417676854911275 0.8633088054473617 0.05558968425969674 -0.2280305510422878 0.186276292743105
 0.1768419731360294 -0.282374708696957 0.2164203600759396 -0.3995967682583849 -0.2118438555938645 -0.3649396504742078 0.5694325312794457 -0.04998552310897336 -0.9679141258115864 0.07671892216618745
 0.0158725215503598 -0.3066954382124107 0.2156149766036198 -0.1925688947084271 -0.3891826717512 -0.2641777905806645 0.2809876877704172 -0.3561953777096326 -0.8355714286239219 0.2333076636557596
 0.1471181937060974 -0.4827221768280349 0.1566648920649795 -0.6258024354720128 -0.5072684099427315 -0.6125917073676419 0.1101101689159457 -0.07966458011188934 0.03835880290546201 0.3575471636203382
 -0.1554115538625215 -0.4736656677688377 0.1231464175880326 -0.5985352902659974 -0.289053751785314 -0.3522206088885256 -0.2306802244435338 0.03083008803613493 0.2351350652815373 0.1484009820666398
 -0.1531650365040726 -0.5939310623450842 -0.1325242226483265 -0.9721530397507807 -0.216029137157763 0.1719933603294956 -0.544669938281947 0.0201992640940922 0.2466099430530947 0.1283323172487353
 -0.4431066988323966 -0.9037903404845071 -0.1077184031327479 -1.112613688815458 0.216247643672858 0.05321774036220289 -0.6677101454953052 0.466549714705496 0.04946932123513741 -0.217957046701604
 -0.5008822816105135 -0.06379909683904006 -0.6819267027443486 -0.2949492791395884 0.8301919150757771 -0.276997275399249 -1.083633789820456 0.1390737323073542 -0.091476285444465 -0.584403863603556
 -0.7578854797655421 -0.03926373005492002 -0.1954609765864414 -0.1744495644877219 0.6594423595867382 -0.1929364296319133 -0.6591302563491133 0.3527386785590192 -0.04483841027008351 -0.1898455117809104
 -0.6047946120391043 -0.04217616974747902 -0.08700630843481844 -0.2214086511600818 0.4135314064028949 -0.2265666917493029 -0.4488437436595363 0.05830889445830012 -0.05917181371160596 -0.1848091122443704
 -0.70891302336475 -0.07199315970076149 0.1462077721174877 -0.2459405259175831 0.2904539950879645 -0.3411402296589984 -0.335995804969231 0.0362127983699192 -0.5252425080906469 -0.1333722006677412
 -0.3976227228303065 -0.06167392750563427 0.4178304952928819 -0.2056076635461462 -0.1520902181062357 -0.2347792654546943 -0.3313272915150926 0.2983000353333847 -0.3769080852873285 0.1436112467365744
 -0.3041342635048914 0.1209627515264721 0.2416746229074557 -0.2809891084802418 -0.0611897587996542 -0.3465777041538971 -0.215588945513278 0.1194503232421658 -0.3666759713890412 0.1070575697173182
 -0.2129924167982607 0.1267727553329532 0.2373573705020018 -0.3460602637737015 -0.1401584700572211 -0.0626826662567245 -0.1240219399291487 0.6160096871801222 -0.1140633958290767 -0.04270625553709081
 -0.1072743969874884 0.09187876560024381 -0.196426850999904 -0.2605838728744319 -0.06820676422926986 -0.02232855423370592 -0.1370051168946521 0.4610832498198671 -0.07310818863745365 -0.3558468863680478
 -0.001618245125233342 0.09153627789481203 -0.1052815759311941 -0.2418032177577564 -0.01994215066500995 -0.03323491136498508 -0.1216272940661101 0.3105258362822487 -0.06434981969419119 -0.253596264344421
 -0.5198773177313549 -0.1781500452913786 0.1444902562330503 0.240744488728158 -0.3782292434700533 0.350628174489766 0.2554281647578993 0.5845699903423108 -0.01491024745122562 -0.4359547892805683
 -0.04228229046143245 -0.1241732937514496 0.4395155654589133 0.1498380921734773 -0.2757409795008562 0.2498070094486794 0.1593094598724434 0.2852057718492998 -0.003344831149941535 -0.03818449841379101
 0.04700659469362348 -0.0775434764234937 0.3037001411939888 0.1243401917987454 -0.3766105790118969 0.1766900484118076 0.165793936192852 0.1145069422798219 0.009034579470475824 -0.05319803377180675
 -0.5390697227251346 -0.1565670236854746 0.2165260087644313 -0.180452242852836 -0.06920404025008378 -0.05353539713049503 0.1176376662369567 -0.1919765879909595 0.2107297632924699 -0.03350588139623757
 0.170477799576722 0.1387124361950329 0.4490342391012511 0.4853183235191333 0.000331861687357389 0.2704992591953327 -0.01341536248920629 -0.03829999156731176 0.2458090285314954 -0.1108872573984203
 0.1243337621196632 0.1391061274209818 0.5122849946818236 0.3609668037718857 1.144459033122033 0.1522252977312572 -0.3466081712638462 0.2333091314093994 0.1442487598845904 -0.4579698254216985
 0.9696580989513274 0.3936978656061293 -0.002491421845695563 0.7389463161657267 1.013197119397513 -0.07268869887842272 -0.4857633022173682 1.180243695242567 0.2894037269173418 -0.7609100766342134
 0.7253951894337844 0.2410144674884521 -0.2988242672853699 0.4473287689392995 0.544655724974119 -0.07631681166221387 -0.05433337433551194 1.104312284647207 0.1350537528515231 -0.7717881125220931
 0.5160131291783604 0.457338496228323 -0.1600060158416746 0.3049930730328837 0.1183178506947085 0.1287561350435677 -0.008691550457847166 1.413512502512572 0.4221185868989689 -0.6384023474592991
 0.5206350704632772 0.3981470222798184 0.0003037069888116861 0.04481994442972023 0.133854180966187 0.06143782862827891 -0.03387936046902714 0.9056239906371807 0.2623633888822074 -0.5468528759092726
 0.9999972242925639 0.06173096600997946 0.3960456970565864 -0.2436347856329322 0.7975432116124818 -0.102871092900141 -0.3976424677360718 -0.1860772225698198 0.2558825203231942 -1.04981250404945
 0.6778058418433872 0.1994770805472074 0.3947536264422813 -0.1021327233288003 0.3359153025358767 -0.03916560083258548 -0.5165338275996374 0.07328500224718279 0.3432707153879351 -0.5305430063450205
 0.5241532626089099 0.1696632590382109 0.183056960781056 -0.3128168086374234 0.2173345053194576 0.1846370986757851 -0.3125076300877785 -0.018306247842345 0.1530968873850255 -0.4167474549783441
 -0.1627702350896896 0.2481507886805062 0.2691133585384839 0.1295522837545548 0.06355379825383749 0.3072621089676928 -0.1121503985717361 -0.1834358406942796 -0.2043740615578895 -0.3785508126171137
 -0.2181681768099378 -0.1580786822186013 0.221710238119681 -0.007275576407783799 -0.9401097370174452 0.2332328133284928 -0.3329982503401594 -0.4686088839094165 0.09031508259327814 -0.02974129294292738
 -0.1441911408310258 -0.2333210851315893 0.2664785275869082 -0.4206775131324429 -0.6552232151307446 0.4076208122090662 -0.1988622183691466 -0.3261519087612262 0.6426936855796982 -0.01646028351974501
 -0.0696026488913713 -0.5940107033202084 -0.01940356604748544 -0.4093480436582103 -0.8487593420732074 0.1837998774007754 -0.3879590465292383 -0.2851325254142396 0.3214336461416158 0.1411550186769399
 0.05827463982554929 -0.7054145006161168 -0.2751805932098988 -0.4247666907088135 -0.4767115309608543 0.02118274395154403 -0.4901328769821501 -0.1636416963773995 0.608805345343596 0.007348464259246443
 0.02555562598458567 -0.5497700642422255 -0.2795562146804164 -0.464774078424816 -0.4313390396218726 -0.1088387254711978 -0.222909595634077 -0.1355551550121687 0.420179507043277 -0.1861582725380568
 0.02339501624827333 -0.4025129456916414 -0.187370371744905 -0.3565179236737931 -0.5145538041587829 -0.03069818886878342 -0.1195381650427438 0.02574460168053071 0.302476927037143 -0.195948132544936
 -0.07453065639353228 -0.1591755994070083 0.01600999144622084 -0.4347650082822557 -0.4593220839078441 -0.1014901376272174 0.2886660325988807 -0.08342621745973407 0.1135539711715069 -0.2721448454542117
 -0.0569060914332855 0.1357145409672273 -0.2087664038507545 0.04638400181394403 -0.3484551200949617 0.4120900892161107 0.4955209723440841 -0.09497482863662907 0.5701822639394046 -0.2692011788938679
 -0.1051270325429985 -0.2904467101654084 -0.1259507704534711 -0.3616509757906763 -0.2935125560523132 1.044086069467486 0.303868051903076 -0.1221276044701138 -0.1609974793495476 -0.1821849336974949
 0.1084639126017385 -0.2115972922178694 0.388394868450002 -0.2073372301985929 -0.1581099514187865 0.7781042529152346 0.238257883699612 1.117034224341761 -0.01990164277255567 0.6541648112936372
 -0.08494431964706253 -0.2391689142341437 0.2509612621860416 0.04988935438482667 -0.09124068972931577 0.7491947403585676 0.112709567924129 0.790525468872301 0.1341745903048603 0.4495214059414291
 0.9460132416721709 -0.214175070555212 0.302559425832667 -0.09478805729601211 -0.02375929586986286 0.5696443896654219 0.0406354309575297 0.3219741711916526 0.140630892967593 0.2829865359387008
 -0.1096762680653949 -0.1915345729873133 0.2220627504831072 -0.06267543190896464 0.3010509719323556 0.4779754907554692 0.08548308494141342 -0.3898520515705324 0.1773058461494959 0.3748088228458208
 -0.07475432082424452 -0.1279240403138699 0.3167163401467102 -0.02164846441404707 0.260030073929526 0.2976250539957773 0.08996032938346553 -0.3902697973241734 0.1372971757540435 0.3180667716872821
 -0.3943513726420068 -0.08793360481189662 0.3037762612726173 -0.01599267295730123 0.2654077054954112 0.2083500049381374 -0.0385341593363495 -0.1612994725412371 0.09394928295500218 0.1313944927954383
 -0.3082075945137981 -0.2246561338081271 0.14727602886096 0.5382085121598519 0.0840433904865185 0.05925374339094289 0.06281335910051909 -0.1730280975675602 -0.05604557063838408 -0.05501519513986078
 -0.4425618683448332 0.07274355165326227 -0.7401704775860825 -0.1093635990947401 0.02757975500628614 0.6092290721173148 -0.2142387074916231 -0.1387228119257316 0.2781791820862447 0.04673829323063359
 -0.2414833171959852 -0.005124107295708641 -0.4966675305305266 -0.3672452164072934 0.08223463502746102 1.002762586494045 -0.164999320039119 -0.3744904190494902 0.3540804364032571 -0.1295043786999206
 0.4701452185824303 0.002640127280793593 -0.07996460489658536 -0.2573436974132857 -0.01887572295168166 0.6988632288387294 -0.5121226665361622 -0.3996709864404275 0.2472008541785705 -0.05179227905953673
 1.175797510360197 0.4267780087027989 0.03807017617117255 -0.5583928079100846 -0.8905244262745494 0.303495940593687 0.2404773186053288 1.264096478563969 -0.170411186149534 -1.569935904871441
 0.4818120684746705 0.3546693540908964 -0.06401826412385861 -0.3741855956597807 -0.6579450036367184 0.1607727892106103 0.04798911571609499 0.9243643172428581 -0.0677064178713204 -1.071365110310037
 0.3337646137704995 0.2934440429352865 -0.4216959058572667 -0.2285980957553551 -0.4397138679370961 0.1071009120081459 0.1001017233579349 0.6457159882091895 -0.01963721463559842 -0.5948088153948927
 0.427158482077835 -0.03413108528778452 -0.6465450053422559 -0.007674198117708003 -0.2593244865685952 0.3844525363627449 0.3175907893177393 0.3732529345843495 0.3128077249522276 -0.2364980704142157
 0.3258150000250598 0.1099242065719222 -0.3981682940680367 0.0008979296868968298 -0.7055398293457358 0.3310587674822602 -0.6102592169116252 0.2224815834709108 0.1475045837460199 0.5683403301143632
 0.3044344263112355 -0.06801241020865278 -0.3046652958460742 -0.01310991020498077 0.04524650865869212 0.3913713005611771 -0.3924528408269906 -0.662304214508 0.2639232896360135 0.4836854156379816
 0.1974849057535235 -0.1522504246095114 -0.3327841161839196 -0.0228284199472499 0.03691390744922609 0.02617434029777099 0.1930479834364275 -0.4497156982204322 0.2709902613227644 0.3529496549152485
 0.1251243216145384 -0.1199385388616606 -0.5044612951804953 0.008942077754339348 0.06272528247473685 0.04075150775402289 0.2631279071351022 -0.2993375085197028 0.1966545173595299 0.6779340731543901
 2.095214806738907 0.1613435931670018 -0.400238398550503 -0.2163431728268428 -0.3926939142563078 -0.1361920489015491 0.1119145448423266 -1.027086435547339 0.0547416456720058 0.5402630263995951
 1.477457568231925 0.1427523784927014 -0.1744902049090766 -0.4100459988619486 -0.3011064939263635 0.3328562267588177 0.09842603468265243 -0.6674549990466839 -0.03939713988642338 0.293662033010146
 0.8238629463568752 0.1279908878946434 -0.1066571941982439 -0.2700840321880752 -0.02286980842650838 0.2621233257380301 0.1477191970809371 -0.3459169086382851 -0.03350579957570595 0.2600538480299794
 0.2861687379139027 0.06823113901915839 -0.006510371631878537 -0.2010681363044822 -0.1312561871476856 0.1744891073928662 0.1224699213071859 -0.08962833587209332 -0.01907004607196438 0.1007571436188306
 0.3010703494384426 0.006096262521238127 -0.1498580347968538 -0.07067183234980148 -0.1776385711446563 0.08984377288140255 0.1926461972401161 -0.176545352264986 -0.04955763219994797 0.0008596240926130733
 0.5187355950270729 -0.3569246509748086 -0.2647024309689558 -0.04627194510722735 -0.1187624233151318 -0.1225485323630823 -0.7742315581218113 -0.1166703477598822 0.1611814557233758 -0.01129627000347307
 0.3617630121299034 -0.2495649933101182 -0.5098456409803445 0.1794259490303496 -0.08326238038829686 -0.3014284915666196 -0.5423586967402193 -0.09091340644415702 0.2471923812354309 0.04800160888884237
 0.2116533651182976 -0.8333393756216247 -0.3000786581551767 0.4426096238340033 -0.1171826727819236 0.3103901126728318 -0.3393282520693707 0.004447625493907037 -0.1625217954379116 0.0281685519931942
 0.2901855800924912 -0.8444819936084171 0.3815967617463872 0.356577860388159 -0.2907662257461727 0.1688703462515135 -0.3844653327613423 -0.6191729590353963 0.1833700229359006 0.3597434119548665
 0.2479701502699504 -1.342416642172097 0.3578037542428491 0.8663949682230214 -0.4053232961636916 -0.3923726164631269 0.3603319957097478 -0.4542430555486112 0.1660914194345071 0.123839007797823
 0.1478510099614643 -1.803183993535253 0.4146280184934978 0.2660642421069811 0.2684909451410941 -0.2011684884646353 0.02072913691092659 -0.3497400285689203 0.5423912806050182 -0.04936515766262871
 0.7662061910775275 -1.259245318168351 0.07327884448241445 0.1925565176112384 0.114802903569302 -0.1417470822576685 0.2622460778643502 -0.3222621212577163 0.3828155903200389 -0.1142101068210642
 0.7867130954948768 -1.573639112352223 -0.07689330760296555 -0.3753822023575462 -0.2166672169665076 -0.02614403922721521 -0.3615899107016446 -0.05991588169238257 0.5475310312576064 0.09066562699827044
 0.9230400327033457 -1.788876801635429 -0.09588470454642217 0.4959555138777723 0.2410629325567596 -1.153939841378389 -0.4665308057484303 -0.3217354221946273 0.4217649229720173 -0.048495938800397
 0.6638182193816001 -0.6020479810022856 -0.09974676054908274 -0.5499779099181024 0.3922977648235872 -0.8096110311860047 -0.6894895005713109 -0.2000907099410655 1.099519852928549 -0.2299798442760244
 0.526258836852476 -0.1625297361386372 0.003877767222332879 -0.2003404169427963 0.4289475914855945 -0.9152269625717258 -0.8481647357029675 0.05978716347460353 0.7469440509079379 -0.226016335379455
 0.7487112734656816 0.2705824304765317 0.01184627609822274 -0.1333726397599699 -0.6245568612000285 -0.736494181270358 -0.5206624770041111 -0.4304585164943881 0.4998556726373483 -0.2778879023684483
 0.2126871060145624 0.4782527306489887 0.167819859038046 -0.3332786563590597 -0.547591252151278 -0.02554635568510821 0.01228570811106094 -0.3855647307560385 0.7426298969541155 -0.2826166607644766
 0.1923840865394855 0.2733181016443188 0.3153143903998796 -0.3632160404359556 -0.2267827623270419 -0.1237980353304589 -0.1216306535362389 -0.5534821043387737 0.4861776055527494 -0.4248805186809929
 0.1117905955914557 0.2134986848751017 0.2268175791218028 -0.5627871544992531 -0.1290014410824827 -0.2942299095640876 -0.09712686380105705 -0.188236214344425 -0.02057217038684117 -0.6187609087960901
 0.1939576500893221 -0.2173776466879422 0.07804374482943433 -0.2306551885210154 0.3325262859829688 0.3489329730858008 -0.1455727221265655 0.0484504837231291 0.2884110222177556 -0.5525689870271422
 0.2517428311611803 -0.08804232775071609 -0.06644801044998362 -0.1354590968859868 0.5139289762513147 0.2763819949505482 -0.3849042818669741 -0.1380058771959345 0.2236616236763856 -0.597333716645559
 0.6927079406107195 -0.2963500278911055 -0.2140292894033772 -0.5165075605195846 0.4183499179633687 -0.09088750725713451 0.01195014219525681 -0.03708113480807687 0.06147926150383611 -0.3797856927677489
 0.3627961402673688 -0.7914804081953819 -0.1453079649094798 -0.6750771593566121 0.0937031313047858 -0.09937369494268883 -0.003519224313765607 0.209111751135053 0.562472251773164 -0.2600530572506384
 -0.8715474707024505 -0.2096232596531834 0.06134003378761048 -0.8263994216112202 -0.4924156339724062 0.4031465462974032 0.3210482483169318 -1.092193242657375 0.2799677016339046 -0.7053619637338929
 -0.5777802401582416 -0.2076026555506619 -0.03330547438001266 -0.6193042481178204 -0.3601321497143899 0.3208163707609658 0.4863757088880231 -0.7761456638351719 0.08148489597529429 -0.5029897721114427
 -0.3710082441202375 -0.0570902386312358 -0.3051996314780491 -0.6029682350134525 -0.3118811099885533 0.01004889483344801 0.5019330045515842 -0.6035337589683242 0.05380741108851519 -0.6164768991423081
 -0.9461115258980746 0.05928760428271578 -0.0138027231370231 -0.5411061947393214 -0.1552623277401416 0.08927333891739517 0.2605570986936621 -0.1684694490952315 0.19844417568593 -0.5585813223195754
 -0.4737055533711791 -0.06112822006924037 -0.1332992446120986 -0.3697606224843367 -0.1567788435048173 -0.07278654290066083 0.07772475760787821 0.1235427692818161 -0.08223490500258951 -0.2975393947969024
 -0.457816581113338 0.0268025362129642 -0.08151744921115638 -0.2384976652906789 0.2406448104424772 -0.05422872961615691 0.2225525933975922 0.2625052184265016 -0.06670088729889136 -0.05674819567127093
 -0.5388706402492041 0.6076566139691947 0.02909557878257722 -0.3446744853206695 -0.1735837595965104 0.5478967705093911 0.345983713392604 0.4109783368238323 -0.1277466880185672 -0.1453135321277005
 -0.3960265624936852 0.3624874348975737 0.2893486881343714 -0.2541542410452763 0.7538961764498529 0.3658220725556493 0.7731427929099766 0.5879815749704735 -0.06667563202834463 0.1487297656626873
 -0.3315909642290581 0.06447230452762903 0.3422794108668966 0.08361659169108673 0.3063056756760543 0.001332949437964748 0.7406016518274231 0.456523878235519 -0.3192441142149892 -0.05809968123075054
