4.0166667		80	
2.1500000		71	
4.0000000		57	
4.0000000		80	
4.0000000		75	
2.0000000		77	
4.3833333		60	
4.2833333		86	
2.0333333		77	
4.8333333		56	
1.8333333		81	
5.4500000		50	
1.6166667		89	
4.8666667		54	
4.3833333		90	
1.7666667		73	
4.6666667		60	
2.0000000		83	
4.7333333		65	
4.2166667		82	
1.9000000		84	
4.9666667		54	
2.0000000		85	
4.0000000		58	
2.0000000		79	
4.0000000		57	
2.8333333		88	
4.5000000		68	
4.0666667		76	
3.7166667		78	
3.5166667		74	
4.4666667		85	
2.2166667		75	
4.8833333		65	
2.6000000		76	
4.1500000		58	
2.2000000		91	
4.7666667		50	
1.8333333		87	
4.6000000		48	
2.2666667		93	
4.1333333		54	
2.0000000		86	
4.0000000		53	
2.0000000		78	
4.0000000		52	
1.8833333		83	
4.2666667		60	
2.0833333		87	
4.4666667		49	
2.5000000		80	
4.0000000		60	
1.7666667		92	
4.3333333		43	
2.1833333		89	
4.4833333		60	
3.8833333		84	
3.3333333		69	
3.7333333		74	
4.0000000		71	
1.9500000		108	
5.2666667		50	
2.0000000		77	
4.0000000		57	
2.0000000		80	
4.0000000		61	
2.0000000		82	
4.0000000		48	
3.5333333		81	
2.1666667		73	
4.5000000		62	
2.0166667		79	
4.1500000		54	
4.2000000		80	
4.3333333		73	
1.9333333		81	
4.6500000		62	
3.8166667		81	
4.0333333		71	
4.1666667		79	
4.6666667		81	
1.8166667		74	
4.0000000		59	
3.0000000		81	
4.0000000		66	
2.0000000		87	
4.4500000		53	
2.0500000		80	
4.2500000		50	
1.9166667		87	
4.6666667		51	
1.7333333		82	
4.3833333		58	
1.7666667		81	
4.6000000		49	
1.8666667		92	
4.4500000		50	
1.6333333		88	
5.0333333		62	
1.8166667		93	
5.1000000		56	
1.6333333		89	
4.2833333		51	
2.0000000		79	
4.0000000		58	
2.0000000		82	
4.5333333		52	
2.0000000		88	
4.0000000		52	
2.9333333		78	
4.7333333		69	
3.9000000		75	
1.9500000		77	
4.1166667		53	
1.8000000		80	
4.6666667		55	
1.8333333		87	
4.7000000		53	
2.1166667		85	
4.7833333		61	
1.8166667		93	
4.1000000		54	
4.6500000		76	
4.0000000		80	
2.0000000		81	
4.0000000		59	
4.0000000		86	
4.2166667		78	
4.1333333		71	
3.9333333		77	
3.7500000		76	
4.4166667		94	
2.4666667		75	
4.1666667		50	
3.8000000		83	
4.3166667		82	
3.8666667		72	
4.6833333		77	
1.7000000		75	
4.9666667		65	
4.2666667		79	
4.5833333		72	
4.0000000		78	
4.0000000		77	
4.0000000		79	
4.0000000		75	
1.9833333		78	
4.6000000		64	
0.8333333		80	
4.9166667		49	
1.7333333		88	
4.5833333		54	
1.7000000		85	
4.7500000		51	
1.8333333		96	
4.5000000		50	
1.8666667		80	
4.4500000		78	
4.4500000		81	
4.0000000		72	
4.8000000		75	
4.0000000		78	
4.0000000		87	
2.0000000		69	
4.0000000		55	
1.9333333		83	
4.5833333		49	
2.0000000		82	
3.7000000		57	
2.8666667		84	
4.8333333		57	
3.4500000		84	
4.3833333		73	
1.8000000		78	
4.4000000		57	
2.4833333		79	
4.5166667		57	
2.1000000		90	
4.3500000		62	
4.3666667		87	
1.7833333		78	
4.9166667		52	
1.8166667		98	
4.0000000		48	
4.0000000		78	
4.0000000		79	
3.8666667		65	
1.8500000		84	
4.7000000		50	
2.0166667		83	
4.4666667		60	
1.8666667		80	
4.1666667		50	
1.9000000		88	
4.2500000		50	
3.2500000		84	
4.2166667		74	
1.8833333		76	
4.9833333		65	
1.8500000		89	
4.0000000		49	
1.9666667		88	
4.7666667		51	
4.0000000		78	
2.0000000		85	
4.0000000		65	
4.0000000		75	
2.3833333		77	
4.4166667		69	
4.2166667		92	
4.3666667		68	
2.0000000		87	
4.4500000		61	
1.7500000		81	
4.5000000		55	
1.6166667		93	
4.7000000		53	
2.5666667		84	
3.7000000		70	
4.2333333		73	
1.9333333		93	
4.3500000		50	
4.0000000		87	
4.0000000		77	
4.0000000		74	
4.2166667		72	
4.0000000		82	
4.1333333		74	
1.8833333		80	
4.4666667		49	
1.9500000		91	
4.2166667		53	
1.7166667		86	
4.4500000		49	
4.2500000		79	
3.9666667		89	
4.3833333		87	
1.9666667		76	
4.4500000		59	
4.2666667		80	
1.9166667		89	
4.4166667		45	
3.0000000		93	
4.0000000		72	
2.0000000		71	
4.0000000		54	
3.2833333		79	
1.8333333		74	
4.6166667		65	
1.8333333		78	
4.6166667		57	
4.6000000		87	
4.2500000		72	
1.9333333		84	
4.9833333		47	
1.9666667		84	
4.3000000		57	
4.2000000		87	
4.5333333		68	
4.4000000		86	
4.6166667		75	
2.0000000		73	
4.0000000		53	
4.0000000		82	
3.9166667		93	
2.0000000		77	
4.5000000		54	
1.8000000		96	
4.0000000		48	
2.7500000		89	
4.7333333		63	
3.9666667		84	
1.9500000		76	
4.9666667		62	
1.8500000		83	
4.8000000		50	
4.0000000		85	
4.0000000		78	
4.0000000		78	
4.0000000		81	
4.0000000		78	
4.0000000		76	
4.0000000		74	
2.0000000		81	
4.0000000		66	
1.9333333		84	
4.3333333		48	
1.6666667		93	
4.7666667		47	
1.9500000		87	
4.6833333		51	
1.9333333		78	
4.4166667		54	
2.1333333		87	
4.0833333		52	
