2.21735
0.164947
0.567135
-0.268802
0.109235
-1.66471
-3.42471
-0.329646
-0.098983
0.0675672
0.0578372
4.62514
2.93608
5.16942
7.36932
0.00873782
2.52432
0.0031436
-0.904656
0.000275393
-0.106363
-0.0668087
-4.61477
-20.5586
-12.4653
-12.1954
-4.08205
-0.0200723
1.61378
-0.206658
0.62288
2.60875
0.0531864
4.24026
0.972188
1.32242
4.67682
-2.16262
0.178323
0.73781
-3.39745e-06
1.20555
0.0531729
-3.3048e-05
-0.327502
5.2645
10.6325
1.17091
1.16346
0.10724
-0.575085
0.0183632
-0.713365
-4.24822
-1.59716
-0.771473
-0.608071
-0.032142
-0.0329554
-0.110847
-2.75966
0.205872
-0.0387917
-0.00156062
-0.00500946
-2.41971
-0.581533
-0.0018286
-0.00862553
-1.16161
2.67495e-06
-6.17292
-40.757
-1.56263
-0.594207
0.228281
0.0423068
-0.761331
-0.113018
-1.49754
0.0102259
0.0669779
0.0260019
-0.0107467
3.33431
12.3061
0.653063
-0.601905
-1.07663
0.000442685
0.150978
12.6763
5.16501
3.4501
0.112883
1.84884
3.48634
4.543
14.4276
0.00479823
-0.116025
0.277662
0.638935
1.97873
5.16614
8.55872
0.280825
2.6512
2.77567
3.27745
0.740407
-0.541274
-1.47323
-0.0830659
-9.67168
-4.34133
-3.5216
-1.74741
-37.5613
-10.0265
-20.8371
-0.981966
0.0140646
-0.000104361
-28.739
-1.5444
-12.1675
-4.85427
-8.27612
-0.000531375
-2.16989
-0.00478272
0.0259863
0.0137784
0.000755255
0.883044
4.04547e-06
-0.586015
-0.966969
-0.100494
-0.00427567
1.58227
6.43656
11.2565
-1.13011
-3.26053e-05
-0.019596
-3.80139
-7.01616
-15.278
-19.5678
-16.5426
-6.81481
-15.0682
-14.2677
-22.0534
-27.5838
-23.1697
-22.3309
-13.1895
-20.7502
-4.77701
-0.000340852
0.00334301
-0.779734
-0.00861824
-1.02829
-2.68659
-6.66972
-12.8023
-3.06972
0.669982
0.55897
0.863316
1.05776
5.79102
15.5401
2.37599
0.968466
0.893768
12.2533
3.61612
37.0882
16.5667
0.77109
11.6204
1.99116
5.09013
14.1452
0.409419
-0.0127148
0.16188
0.615069
-0.00880193
0.00158705
-0.0103919
-0.44005
-3.61898
-11.0088
-0.396819
7.7711e-06
0.114339
0.171857
-0.477199
-0.391101
-5.65785e-06
0.171354
-0.217958
-0.152649
1.62756
0.0120924
0.328974
-1.94802e-05
0.738598
0.384802
-1.06327
-2.99632
-4.95233
-38.4631
-1.01286
-1.22555
1.15276
0.00536435
3.79199
2.11287e-05
3.71113
-2.24398e-05
0.00268539
-0.367689
2.86921
1.44075
1.91792
5.58883
6.22952
9.52214
0.996922
2.79455
-1.36465
-8.54111
-0.557978
-0.724775
-2.00998
-3.13415
-1.63136
-10.5005
-0.0254075
0.0306866
0.00184995
-2.33986
-0.568158
0.257212
20.4767
10.8533
2.04335
6.19739
0.0638149
0.104016
2.28628
2.53157
12.7591
1.26011
0.000564748
0.520159
4.43231
0.0697991
-0.319981
1.29247
-2.0479
-3.84542
-21.5042
-1.77913
-0.0288995
-0.881357
-0.00437503
3.86782
0.0172799
6.40569e-08
0.637922
0.459996
0.056472
-5.40722
-2.02571
-0.117379
-0.300512
-0.0605656
-0.000155387
-0.262395
-0.000998862
3.15817
0.264995
-0.000166189
-0.368267
-0.0819967
-0.248871
-0.584125
-6.34162
-30.8766
-24.4038
5.13722e-07
1.12544
1.42026
3.45836
8.0928
2.05007
0.590402
-0.00118772
2.15146
0.0297977
13.5102
0.576921
-1.17677
-0.272952
0.0150632
-0.098084
0.000333877
-6.07933
-0.000146973
-0.420713
3.96409
1.39028
0.155952
-7.285
-14.9399
-0.921233
-0.442226
-5.12311
-0.680742
-0.107851
-0.0303787
4.00357e-05
4.85945
0.499552
-0.000649109
-0.207592
-0.204004
-0.00140956
0.104221
1.2505
0.112948
0.46987
1.79649
7.47337
6.85026
0.116414
-0.0360906
-2.03052
-4.41711
-2.17925
0.000334067
-1.28813
-0.000197621
-0.000110057
0.114546
0.163118
0.377311
0.91745
0.0350759
-1.66087
-6.96087
-5.87575
-0.12012
-0.193831
-3.89756
0.000990205
0.719395
0.00711455
2.33027
4.91244
22.1172
25.6884
0.0825553
-0.188334
-1.26005
1.69097
-2.78324
-1.76851
-0.36054
-0.113636
-17.4383
-0.0446271
-10.315
-2.88404
-0.00264419
-0.562027
-4.50599
-2.52469
-0.184839
0.08477
-0.211133
-9.01914
-1.65983
-1.60555
-0.0761998
-2.04782
-16.3129
-0.217375
0.000155761
-0.919966
-0.0017344
5.04148e-09
0.60277
11.2473
1.61319
0.347065
0.23503
7.25612
4.05606
0.0078731
-0.7228
-1.02186e-05
-2.02232
-1.89028
-4.39194
-1.31004
-4.91541
-0.447729
-18.7473
-2.92006
-0.00402053
0.00604073
7.28549e-05
0.0354932
-0.119266
0.066007
0.790839
11.0746
0.00199859
-1.41812
-0.0597732
0.116416
-0.0022771
0.114796
2.41123
4.32483
0.41895
0.023566
-2.11387
3.05599e-08
0.0160211
-14.0366
-4.99172
0.0183887
0.411942
0.241671
0.476816
9.50292
9.72608
0.595837
-0.37143
-0.0217477
0.12963
-0.107338
-11.3396
-0.0737184
-1.18191
-0.0352814
-2.34322e-06
-0.670721
16.1301
6.27809
22.7459
14.9241
1.04735
1.81974
1.26999
2.23418
0.113681
0.0187378
-6.94512
-0.49126
-0.643259
0.000203653
0.000200305
3.77849
0.340127
-0.415974
-6.3558
-3.66814
-11.363
-8.6095
-21.4747
-7.25003
-4.45292
-0.631287
-3.70038
-0.0144279
-1.50103
-0.00955055
-1.04102
1.46946
3.94163e-05
-2.78226
-2.94584
-0.0411638
-21.4269
-34.1241
-12.1389
-9.70371
-0.140195
-1.36227
-10.8316
-11.6579
-9.4488
-3.97626
-0.862593
-0.603317
-2.85558
-11.303
-5.63471
-1.43282e-06
0.00127129
0.28195
8.74747
5.66282
1.44384
2.04672
0.762386
-0.0361843
-0.309103
0.0795643
6.63985
6.24698
7.8172
6.90611
8.69156e-05
-1.97429
-2.40803
0.0847665
0.32204
8.74006
20.2668
3.88829
0.187275
-0.409463
0.00290452
-1.73562
-0.133396
-0.644041
-0.18986
0.0250753
-1.44116
0.0315363
0.00224074
2.49982
4.67378
4.84859
13.7597
3.67699
0.333489
9.52036e-05
0.000146589
-1.27383
-0.946379
-1.37067
-0.000775093
0.0513122
3.8694
15.6895
8.0404
6.45516
2.99962
4.53832
0.0047755
0.0269381
0.35718
0.679925
27.1136
8.08811
-0.0787409
-1.11385
0.0622032
-3.66444
-2.6661
-22.6838
-11.0986
-0.995844
-3.72222
-0.013463
-0.000394495
-0.150369
0.00245906
-4.14093
0.119919
-2.83723
-1.61045
-1.23045
-0.533273
0.00461187
1.09432
-0.0401722
-0.459659
4.1582
-0.0185878
0.000380266
0.210099
-0.112441
-17.2957
-1.45697
-0.158859
-6.66326e-05
-0.443641
-0.733678
0.758665
2.19258
-0.0445036
0.0986865
-0.0121222
-2.36894
-18.8867
-0.324388
0.0886343
13.6957
-0.00749572
5.42843
-0.0282667
-0.148041
-23.2953
-6.36036
-0.0123597
-2.05941
-3.09028
-0.0864042
-0.0124405
-3.12431
0.191068
0.00065079
-0.211489
0.00235771
0.369451
0.00676185
0.183584
-0.0410311
0.763774
27.1876
15.4338
3.01801
0.0220523
-0.280075
-1.8743
-0.043962
1.65582e-05
-4.95373
-0.00159015
-0.255998
-0.833126
-4.1486
0.000497948
0.390929
0.10364
4.49253
4.75403
-0.328852
-0.0303174
0.0615631
0.0158374
-1.10847
1.2286
3.21281
-0.289774
-0.253274
-0.0767799
0.0756637
-0.53724
-4.1389
-4.71877
-0.126597
5.29856e-05
6.11834
10.8998
3.02335
-0.0587629
-1.06157
-0.180442
-0.21768
-30.324
-1.46433
-0.66118
-0.981816
-0.0422863
-6.95823
-1.16183
-4.58496
0.121465
0.930922
0.191251
-0.00015867
0.659048
0.0120514
20.739
22.9531
3.49559
0.295563
-0.000698076
-3.90852
-15.7828
-28.9427
-14.1942
-0.0592418
-3.58201
-6.66761
-17.1666
-22.0011
-15.8275
-5.29275
-17.5511
-10.8258
-2.07022
-13.2197
-76.8841
-103.051
-8.22279
-4.11911
-3.07595
-2.0944
-1.29568
-4.29328
-0.242549
-0.203767
0.192007
0.279593
0.327841
-0.0654835
0.0191986
1.99094
-0.0127749
0.228844
11.6519
27.1995
37.6888
55.2491
0.179267
10.2384
2.77254
1.95782
1.39809
0.113798
5.71217
0.00153463
2.07611
0.266752
0.00272147
3.65541
1.12279
-0.00191082
0.439575
6.39202
0.132478
0.000345327
0.00998937
1.02355
0.00128537
1.30361
6.50319
0.390464
6.58455
0.105853
-0.172823
-0.0213159
0.720219
0.378166
12.3832
0.223875
0.0289561
0.584538
0.0964082
0.411765
-0.00557054
-15.9189
-4.48797
0.00155541
-5.29816
-1.4043
0.188594
3.10651
3.15488
0.198424
-0.01988
8.37357e-08
-0.424603
-1.05333
-1.37729
-8.23752
-5.67143
-6.88922
-0.813624
-5.53518
1.41149
-0.074329
0.200337
-0.0121542
-0.0787691
-13.8537
-6.3948
-0.335278
2.10972e-06
2.98738
0.00684321
0.252371
10.6108
19.7093
10.2832
5.12088
1.61158
7.14592
22.6966
1.72013
0.80319
1.42027
-0.000475456
-0.0154381
-1.39172
-4.8317
-0.00522702
6.90673
0.000130289
-0.0531026
-0.0309628
-0.0662194
0.00125364
1.84755
0.0399707
5.72658
0.982312
-1.7841
-3.01035
-4.43061
-15.4595
-41.6204
-8.92818
-5.04859
-1.8497
-6.34145
-0.0519946
-2.57766
-4.21753
-1.07277
0.0284208
-0.325861
-2.49027
-0.029701
0.0846612
0.019519
-0.30192
-0.0535248
0.131678
-0.00142001
1.30147
0.343078
10.6801
-0.00776772
-0.00806517
1.69082
-0.904821
-0.251122
0.645145
1.03086
0.875248
0.288098
0.000763269
1.52162
2.01494
-0.840383
1.01064
4.2535
0.0969704
-0.00646346
0.967045
0.482399
-0.611308
-0.631957
-8.55017
-6.76654
-5.04938
-14.5683
-0.140129
0.428682
0.0226026
0.013257
0.0591964
0.563181
0.414331
0.637167
0.0365796
-1.19493
-2.92791
-0.00338225
-0.643893
-0.457054
0.256426
0.00763795
-5.46842e-05
0.994779
0.517307
-0.00865017
-0.00770716
-0.53782
-45.5561
-1.85166
-4.37224
-0.479706
-4.81207
-8.29485
-9.00246
-0.0362918
0.0109132
-12.3871
-18.5365
-19.4635
-3.00627
-17.3976
-20.0539
-1.54045
0.692771
0.0310018
-0.1098
1.47213
-0.276279
0.000254122
-0.051695
4.93705
0.86602
0.137091
-1.63684
-22.6503
-8.14017
-2.96558
-0.999487
0.178418
6.66269e-05
0.645764
3.76911
0.000178261
1.06428
2.41979
-1.7338e-08
0.0454565
0.0988409
-0.44399
-0.201487
2.73173
-0.0236995
7.37583e-07
-0.195674
-0.000932554
0.338811
0.278182
-0.000286108
-0.000140428
8.76458e-05
16.1818
2.55542
6.87151
4.70658
0.0093308
5.17774
1.59099
-0.00478275
-0.0128607
11.1216
5.33369
7.4118
3.10744
-0.0421545
-0.696591
-0.164104
0.557575
0.0276554
-2.76431
0.000370218
-0.00481561
-0.000285259
-0.994839
0.000467256
-0.00071481
-0.0537171
-1.02672
-0.0270984
0.121828
2.14606
0.72541
4.594
-0.94209
-1.28275
-3.1645
-0.103748
0.00195377
0.194851
0.781751
-6.30788e-09
0.849912
-0.000784341
1.29339
0.390114
3.61353
-0.000768379
-1.67687
-6.01299
-4.07316
0.00951099
-3.73
-1.07852
-10.4895
-1.82104
-0.959904
3.43843
1.16674
5.01801
4.01319
15.4512
14.6982
13.1379
6.84822
0.674024
-0.00285351
1.04967
0.458761
-0.573365
-0.0550445
0.0814552
0.028674
-0.11967
3.10491e-06
-3.85021
0.0831599
0.539045
0.337847
5.9722
17.5841
7.67414
0.81802
-0.00770432
0.432304
32.8617
4.48715
0.740944
0.00372132
0.0107458
0.00158828
21.67
8.60517
19.3835
39.8698
10.0605
47.6578
14.117
9.61825
19.8394
-0.0694281
-15.865
-0.236908
1.40777
2.26143
4.11215
0.441806
1.87914
1.12756
2.75925
-0.0626205
0.704628
2.21947
5.76448
1.13557
0.000490731
-0.00347641
0.00208049
0.044033
-0.00215779
-0.0917301
0.681884
0.541113
0.0514273
0.12676
-0.207143
0.0057897
0.636263
0.493458
0.000257029
2.67644
1.88433
10.1716
17.4752
0.911852
-0.982476
1.17537
7.78338
3.54343
0.81814
-1.10638
0.0810773
0.27653
0.761928
-0.0121983
-0.00278135
5.90343
3.80926
0.0191612
-0.207395
-0.00157822
0.325549
0.000134361
0.294069
-0.0470571
-0.848889
-0.101457
-13.8156
-4.20237
0.058526
0.0737775
-0.0954708
3.34704
29.8048
4.79312
60.3436
42.9486
3.15917
5.58914
3.12696
9.35091
2.21961
5.41007
3.01244
1.73553
0.204983
0.0197222
0.00828986
-0.0815857
-0.0855552
1.07131
-0.939788
0.00764611
-0.0209455
-0.390345
-1.59854
-0.418447
-5.92328
-0.83867
-1.19283
0.00727195
-10.3057
-23.7251
-4.17208
-0.00310121
-2.10303
-3.51002
-4.42532
-6.76673
-20.544
-0.51134
-1.55274
2.29377e-09
-2.55883
-0.636864
0.00393249
0.414157
-0.00114778
-0.0101964
-0.536035
-4.63226
-11.0536
-30.0768
-0.858453
-1.08813
-2.87653
1.71316
4.83626
-1.192
-0.224478
0.0436974
0.0757411
2.56561
1.57475
-9.69652e-06
-0.0291135
-0.305629
-6.52212
-4.78703
-3.5357
-0.672545
0.000907524
-0.187162
-1.91149
1.13258
-3.65261
-25.7241
-0.0916794
5.68259
17.1564
1.98755
3.0104
14.4066
19.8706
11.9608
21.5119
5.61369
3.14383e-06
-1.87224
-0.43288
0.128644
1.17931
4.73523
0.249099
-1.04298
-4.66999
-2.70195
-0.264038
4.65931
-0.493689
-5.47242
0.00133711
0.507775
-0.188322
0.0212441
2.41093
-0.0285276
-0.631289
-3.45015
-2.00517
-25.2282
-7.08852
-2.20871
-6.68719
-4.59673
-0.402558
-0.282345
-7.5353
-0.0413764
-0.346173
-0.628091
1.23581
5.93363
1.85262
-1.46311
-0.14008
0.175928
1.22116
10.5881
-0.0578482
-6.48484
-2.26531
-0.00050903
-1.05724
-1.28655
-7.48114
-3.75687
-0.000747695
-27.6251
-43.6562
-14.137
-1.50781
2.41996
1.79158
0.242202
0.0473889
-9.45485
-8.51363
-5.16379
-3.15833
-19.4024
-0.336218
0.0636068
0.937228
-0.0834252
-10.3744
-21.2362
-27.3193
-37.3209
-49.635
-11.7613
-0.626357
-2.06407
-3.75033
-0.0125971
0.182504
0.0861985
-4.5832
-6.43931
-4.20715
-0.526466
-0.0540288
-0.00568936
-1.34525
-8.65271
-5.98285
-0.00261115
-0.00166158
-12.4648
-4.28341
-19.5194
-77.6888
-155.324
-46.4476
-31.2255
-6.7243
-10.328
-14.1808
-7.8137
-9.41163
-9.27077
0.0999515
-0.829437
-3.80269
-3.00794
-0.284037
0.0012854
17.9596
14.8622
1.17775
0.0985602
0.235603
-0.00015724
1.74807
-0.00210682
-0.234766
-6.94306
0.0726198
0.0102729
0.423735
1.18471
0.786352
0.0550344
1.93999
4.92948
0.228523
0.421812
-0.0430027
-0.124498
0.121593
-0.0761922
-3.38254
0.022458
2.34452
6.7876
2.43509
0.773391
0.820364
3.52255
9.67599
0.374033
0.0139535
-0.00911639
-0.346977
0.0121747
2.48448
-4.36711
-0.0474969
-0.197557
-2.91592
-8.82716
-10.6587
-15.4478
-1.13205
-0.458278
0.602979
3.22416
6.52098
0.264701
-0.00289159
-0.0700506
0.154467
-7.81966
-2.58613
0.00294396
6.88201
0.0100418
-3.3814
-6.79698
-6.53199
-9.90736
-51.9755
-48.0743
-10.2265
-2.7368
-19.1167
-10.5887
-9.83988
-20.7166
-13.8814
-6.33626
-5.59487
-0.14067
-2.99393
-5.84719
-1.82054
-7.61674
-1.83537
-0.964491
-5.01681e-05
-0.000978622
-0.402282
-0.0790535
0.0415434
1.47708
-2.05109
-15.5884
-23.1895
-0.178858
-13.0908
0.323002
0.0311231
0.519681
-0.186278
-0.0107534
9.80405e-05
-0.00244561
-0.453828
-10.6479
-4.39495
0.0344421
2.82881e-06
-0.0278736
-0.0632744
-3.35202
-0.200798
-0.0325513
-1.08358
-4.00178
-2.46869
-22.5333
-20.7898
-0.571238
-0.259573
0.117813
3.34151
0.940574
0.645871
-1.15706
-0.177874
-1.60103
-3.05861
-2.96433
-8.04163
-1.38544
-0.228246
-0.342335
-13.5781
-11.5809
-2.11605
-7.38726
-0.574889
-0.126721
-1.05013
-4.39612e-05
2.75244
10.8125
5.27519
0.812825
-1.29274e-05
5.61727
0.19527
-0.115195
-0.0540456
-3.89754
-10.6669
-2.07749
-1.5924
-0.00396225
0.00647841
-0.0403606
-0.889908
-6.57892
-0.00341841
-8.58502
-14.308
-3.6759
-2.36428
0.250287
-0.394855
-1.96386
-0.464013
-2.80739e-06
0.00552966
-5.77603
-6.3542
-0.00331952
0.987891
0.00869676
0.0606548
2.40567
0.00268963
-0.0504129
0.464737
-4.87607
-0.551102
0.669004
0.141752
-0.01545
-0.117593
0.584175
6.17042
0.859971
0.0083489
7.47622
6.17068
0.0518973
0.326155
5.59027
0.019351
0.0446568
6.72742
2.44374
0.0100041
-3.15355
-0.327354
0.0329195
-0.207924
-0.0418541
-0.14273
-0.676364
-0.00251077
-0.627784
-14.2809
-2.75868
-0.155973
-0.999573
0.00212237
0.0107139
0.00123701
0.0676874
0.317207
0.144212
0.429164
3.22768
0.846363
-0.0554536
-0.0721657
1.20302
0.29931
1.64379
2.38363
-0.596801
-1.50855
0.242916
0.678218
0.0708853
5.17475
0.0117753
-0.20634
-22.687
-15.6675
-13.6585
-6.58659
-4.84024
0.00316319
-0.543632
-1.28916
0.931858
2.36585
0.949746
0.330757
0.575763
0.00225567
-1.54432
-33.2846
-15.7924
-2.22195
0.00137644
0.137
0.0610475
3.59801
-0.0758176
-0.0309186
-0.133375
-1.45755
-0.361418
0.00176459
-0.00609128
-12.1726
-5.22528
-3.87156
-0.0351939
-0.231677
-2.84807
-1.22228
-0.00453743
0.216367
0.258049
2.88097
9.39984
5.14647
4.12643
0.000810806
-4.74574e-06
-4.33485
-3.64209
-12.2516
-8.32061
-0.244972
-9.76202
-6.27605
-12.1521
-37.3732
-22.6135
-9.17321
-1.50448
-1.46324
-0.0496307
0.0467804
0.025477
-2.55328
-13.1298
-4.65852
-12.4236
-26.3899
-20.2376
-0.129258
5.87395
3.58235
0.00370247
-0.0500323
0.0676694
10.2654
0.224484
-0.00031108
5.42092
10.725
19.9762
6.73156
11.195
11.033
8.58937
-0.0347516
-1.12638
-0.780144
-0.00340714
-9.46589
-3.33564
-2.62038
-0.161276
0.86988
5.99263
0.0436505
-0.241736
0.010022
1.27653
0.856736
-0.000415883
-0.199019
-1.22318
-4.7835
-0.281826
-0.630992
-1.07818
-3.59472
-35.722
-55.0767
-13.654
-4.14934
-5.85333
-0.267008
-1.35838
-1.01445
0.0387747
-0.000197171
0.0413039
-0.00226031
2.5339
0.0399533
1.3272
14.3984
13.7403
-0.0974486
-0.127675
0.0567941
0.0643183
-0.00357963
1.20194
-0.0157542
-0.383922
-0.0876803
0.110416
0.331305
11.3905
4.54577
3.78779
5.59814
2.50957
8.75612e-06
15.9273
4.10556
1.10049
2.80384
1.32233
0.0221269
0.00245198
-5.4713
-9.01602
-12.3799
-19.3635
-1.0021
9.27034e-06
-6.11802
-4.15956
-2.08314
-0.198663
-2.7036e-08
-1.55117
-1.0242
-0.735214
-1.43583
-0.847128
0.0271648
1.98553
2.08185
-0.148518
-0.000411811
0.0111455
-0.000185257
0.059018
0.171482
0.00709113
-0.204247
0.161848
-0.00913545
-1.27262
-0.238972
-0.0794589
-0.31129
-0.100436
0.810615
2.34258
2.79725
0.027746
0.00293574
9.2789
0.220469
10.8876
6.26544
1.65291
-0.230993
-4.05706
-0.220201
-0.31236
-4.83118e-10
-1.41231
-0.0163304
-0.0291078
-9.75991
-33.5381
-0.768748
0.0266571
32.759
8.28455
0.730346
0.12351
1.02306
0.858315
0.0122059
-0.495833
-0.134588
0.135136
5.20329
1.16874
-0.014346
-5.84422
1.13106
-0.253062
-8.7646
-0.345109
-0.0111839
-0.212238
0.121481
0.234051
1.46718
0.00235098
-0.00126746
-0.0482372
-55.1046
-1.42615
5.84033e-05
0.0638134
-2.58876
0.575811
-0.101326
-0.0108599
-0.21833
-4.75123
-3.64211
-0.00819858
3.15656
1.26809
5.12771
1.55918
9.2371
111.111
36.7563
4.05928
6.30797
1.96614
-0.595638
-0.00611574
0.233583
0.0346678
0.302917
1.87073
-0.0112118
-0.0392475
-0.534673
-5.69586
-2.01815
0.0267097
0.00011237
-0.0768013
-0.190506
0.000763866
-0.0153219
-0.238466
-0.0506912
-3.65566
-0.0309124
-6.65348
-9.44466
-17.1272
-2.76603
-0.523602
0.896253
1.87443
0.427405
0.0198718
-3.18406
-2.91464
-1.4648
0.0781629
7.14826
-13.2475
-0.000356111
-0.217681
-6.98364
-25.2115
-11.0806
-0.255261
-6.71367
-1.87493
-1.35641
-0.182618
-5.07181
-18.9422
-2.3153
-2.69825
-1.37855
-0.466054
-3.32709
-0.727817
-0.0721977
0.0043952
4.9175
5.84049
12.2538
1.41371
3.70688
1.44058
-0.0497082
-1.37599
-1.75008
-0.653563
-0.466722
0.169189
0.0108148
0.0291948
1.33941
-0.458719
-1.94533
-3.30023
-0.000445444
-0.0217119
2.76473
0.103119
1.09243
0.362361
-0.629258
-0.0139188
0.0287531
1.67362
6.96379
8.36702
4.63238
3.73856
-7.08367
-0.0922614
-0.1373
-23.7589
-12.2267
-2.39734
-0.000303035
-1.872
-9.02151
-3.64508
-0.503395
-2.52213
-1.06045
-0.247352
-5.11657
-14.4363
-4.73418
-5.03281
0.0512057
0.87663
1.58474
1.36806
13.9313
14.983
0.722552
13.6145
9.30385
16.9407
0.205274
0.0227294
-0.101023
-0.039042
-0.0921285
0.13612
1.71751
0.0849045
0.57944
0.382831
-0.00233396
0.304023
0.21734
0.893059
-0.0910569
-3.37999
-7.13577
-5.08748
-0.05452
0.0704713
1.15238
0.162982
3.4125
12.7266
13.8574
5.44247
23.8599
12.7746
1.12923
-0.00268673
0.0141041
-0.326582
-0.110023
-0.00370664
-0.00919399
0.0636897
2.36594
0.475568
0.0596432
-0.0093717
-2.92589
-3.08562
-20.4421
-12.2256
0.127358
-1.18065
-4.1526e-07
1.1624
0.114932
0.328506
1.60852
-1.67499
0.286925
-0.569007
-0.955603
-0.00816956
-3.94212
-5.08143
1.69579e-06
4.18768
7.44755
2.26984
0.0115511
-0.34433
-0.57211
-0.00420245
0.848924
0.273477
2.70132
3.93117
-1.26666
-0.123972
-0.236788
0.0160619
-9.69443
-1.83285
-0.379203
0.0146654
13.8507
0.0158335
-0.867279
-0.0109838
-2.97965
-3.34862e-05
-4.48395
-0.0203428
0.0665754
0.000232552
0.122925
3.33032
10.6526
20.3203
16.6815
45.3397
69.3297
11.3836
