     3.61
     4.31
     4.83
     5.18
     5.36
     5.31
     5.15
     4.92
     4.23
     3.53
     2.84
     1.86
     0.89
    -0.31
    -1.38
    -2.50
    -3.47
    -4.46
    -5.40
    -5.98
    -6.52
    -6.70
    -6.68
    -6.66
    -6.23
    -5.58
    -4.72
    -3.61
    -2.56
    -1.18
     0.12
     1.66
     3.02
     4.23
     5.57
     6.61
     7.50
     8.06
     8.50
     8.60
     8.36
     7.84
     7.17
     6.15
     4.73
     3.39
     1.84
     0.05
    -1.75
    -3.47
    -5.04
    -6.66
    -8.15
    -9.17
   -10.09
   -10.55
   -10.69
   -10.48
   -10.08
    -9.04
    -7.92
    -6.37
    -4.47
    -2.58
    -0.32
     1.93
     4.10
     6.22
     8.23
     9.95
    11.36
    12.45
    13.25
    13.35
    13.05
    12.03
    10.39
     8.47
     6.31
     4.05
     1.69
    -0.65
    -2.95
    -5.36
    -7.51
    -9.46
   -11.22
   -12.70
   -13.55
   -14.25
   -14.23
   -14.02
   -12.98
   -11.67
    -9.93
    -7.85
    -5.21
    -2.66
     0.34
     3.26
     6.25
     9.15
    11.66
    13.86
    15.64
    16.73
    17.01
    14.72
     9.34
     4.01
     1.57
     0.49
    -0.42
    -1.31
    -2.17
    -2.82
    -3.51
    -4.02
    -4.52
    -4.79
    -4.93
    -4.97
    -4.73
    -4.37
    -3.81
    -3.17
    -2.47
    -1.47
    -0.48
     0.41
     1.45
     2.53
     3.55
     4.24
     5.01
     5.61
     6.12
     6.24
     6.21
     6.12
     5.60
     5.10
     4.12
     3.26
     2.21
     0.83
    -0.49
    -1.69
    -2.94
    -4.12
    -5.31
    -6.22
    -7.10
    -7.54
    -7.80
    -7.90
    -7.77
    -7.15
    -6.36
    -5.44
    -4.27
    -2.93
    -1.43
     0.32
     1.81
     3.53
     5.02
     6.48
     7.84
     8.75
     9.51
     9.87
    10.03
     9.64
     9.17
     8.29
     7.07
     5.41
     3.86
     2.00
    -0.05
    -2.15
    -4.06
    -6.17
    -7.86
    -9.53
   -10.67
   -11.62
   -12.37
   -12.46
   -12.17
   -11.57
   -10.49
    -8.95
    -7.18
    -5.15
    -2.69
    -0.36
     2.41
     4.81
     7.38
     9.66
    11.66
    13.23
    14.64
    15.21
    15.20
    13.92
    11.14
     7.48
     4.44
     2.42
     0.44
    -1.18
    -2.87
    -4.65
    -6.11
    -7.66
    -8.72
    -9.63
   -10.35
   -10.56
   -10.54
    -9.94
    -9.24
    -8.15
    -6.61
    -4.86
    -2.99
    -0.87
     1.20
     3.35
     5.63
     7.62
     9.31
    10.90
    12.14
    12.92
    13.14
    13.01
    12.13
    10.89
     9.18
     6.92
     4.84
     2.47
     0.26
    -2.10
    -4.46
    -6.79
    -8.82
   -10.75
   -12.28
   -13.35
   -14.25
   -14.46
   -14.24
   -13.55
   -12.31
   -10.77
    -8.76
    -6.34
    -3.63
    -0.75
     2.24
     5.20
     8.14
    10.90
    13.29
    15.13
    16.59
    17.25
    15.96
    11.18
     5.00
     1.86
     0.65
    -0.19
    -1.00
    -1.67
    -2.45
    -3.09
    -3.74
    -4.14
    -4.42
    -4.54
    -4.56
    -4.41
    -4.05
    -3.62
    -3.18
    -2.48
    -1.67
    -0.71
     0.14
     1.08
     2.08
     2.94
     3.76
     4.51
     5.13
     5.44
     5.79
     5.76
     5.62
     5.24
     4.70
     3.99
     3.16
     2.10
     1.13
     0.00
    -1.32
    -2.45
    -3.56
    -4.63
    -5.51
    -6.22
    -6.90
    -7.10
    -7.23
    -7.19
    -6.77
    -6.21
    -5.16
    -4.17
    -2.90
    -1.57
    -0.19
     1.39
     2.82
     4.35
     5.72
     6.91
     7.92
     8.58
     8.96
     9.19
     8.98
     8.51
     7.84
     6.71
     5.35
     3.81
     2.19
     0.46
    -1.54
    -3.36
    -5.13
    -6.83
    -8.36
    -9.65
   -10.63
   -11.24
   -11.45
   -11.31
   -10.87
    -9.93
    -8.63
    -7.09
    -5.19
    -3.14
    -0.84
     1.50
     3.88
     6.24
     8.38
    10.35
    12.08
    13.30
    14.07
    14.30
    13.79
    12.51
    10.31
     7.73
     5.23
     2.90
     0.86
    -1.26
    -3.41
    -5.62
    -7.52
    -9.16
   -10.76
   -11.78
   -12.71
   -12.92
   -13.01
   -12.44
   -11.58
   -10.11
    -8.30
    -6.19
    -3.98
    -1.34
     1.27
     3.98
     6.67
     9.19
    11.42
    13.32
    14.80
    15.61
    15.71
    14.50
    11.29
     7.10
     3.91
     1.80
     0.25
    -1.11
    -2.56
    -4.05
    -5.36
    -6.41
    -7.39
    -8.20
    -8.60
    -8.83
    -8.77
    -8.34
    -7.67
    -6.56
    -5.33
    -3.90
    -2.24
    -0.53
     1.18
     3.14
     4.86
     6.53
     7.90
     9.14
    10.19
    10.75
    10.98
    10.87
    10.46
     9.63
     8.22
     6.70
     5.00
     2.93
     0.83
    -1.31
    -3.64
    -5.79
    -7.77
    -9.61
   -11.09
   -12.40
   -13.12
   -13.55
   -13.61
   -12.95
   -12.07
   -10.67
    -8.71
    -6.58
    -4.08
    -1.52
     1.36
     4.07
     6.87
     9.61
    11.79
    13.75
    15.31
    16.34
    16.26
    14.24
     9.72
     5.13
     2.47
     0.86
    -0.35
    -1.46
    -2.78
    -3.80
    -4.81
    -5.69
    -6.18
    -6.77
    -7.03
    -7.07
    -6.88
    -6.33
    -5.78
    -4.92
    -3.77
    -2.49
    -1.21
     0.23
     1.79
     3.16
     4.61
     5.90
     6.84
     7.81
     8.44
     8.74
     8.95
     8.62
     8.12
     7.23
     6.19
     4.96
     3.29
     1.63
    -0.04
    -2.03
    -3.83
    -5.40
    -7.07
    -8.54
    -9.73
   -10.47
   -10.94
   -11.09
   -10.90
   -10.45
    -9.31
    -8.00
    -6.43
    -4.63
    -2.44
    -0.25
     2.11
     4.37
     6.70
     8.71
    10.52
    11.95
    13.10
    13.72
    13.78
    13.36
    12.03
    10.03
     7.72
     5.37
     3.01
     0.80
    -1.47
    -3.58
    -5.91
    -7.99
    -9.70
   -11.36
   -12.40
   -13.21
   -13.76
   -13.53
   -13.04
   -12.17
   -10.64
    -8.78
    -6.65
    -4.05
    -1.39
     1.28
     4.30
     6.97
     9.70
    12.01
    14.00
    15.53
    16.45
    16.37
    14.23
     9.42
     4.68
     2.17
     0.64
    -0.50
    -1.63
    -2.61
    -3.63
    -4.63
    -5.48
    -6.04
    -6.47
    -6.74
    -6.68
    -6.57
    -5.98
    -5.41
    -4.57
    -3.43
    -2.27
    -0.87
     0.39
     1.90
     3.20
     4.56
     5.68
     6.66
     7.51
     8.16
     8.50
     8.43
     8.24
     7.72
     7.03
     5.87
     4.63
     3.02
     1.35
    -0.36
    -2.06
    -3.81
    -5.39
    -6.86
    -8.17
    -9.43
   -10.19
   -10.59
   -10.63
   -10.39
    -9.94
    -8.89
    -7.55
    -5.91
    -4.21
    -2.22
    -0.01
     2.21
     4.38
     6.55
     8.60
    10.25
    11.72
    12.73
    13.19
    13.41
    12.90
    11.77
    10.08
     8.12
     5.84
     3.62
     1.36
    -1.08
    -3.35
    -5.61
    -7.91
    -9.82
   -11.52
   -12.73
   -13.83
   -14.32
   -14.27
   -13.76
   -12.85
   -11.48
    -9.61
    -7.32
    -4.83
    -2.16
     0.81
     3.88
     6.76
     9.53
    12.03
    14.17
    15.83
    16.93
    16.71
    14.02
     8.26
     3.32
     1.38
     0.24
    -0.66
    -1.45
    -2.17
    -3.05
    -3.57
    -4.11
    -4.61
    -4.80
    -5.05
    -4.92
    -4.78
    -4.33
    -3.83
    -3.03
    -2.27
    -1.31
    -0.37
     0.58
     1.58
     2.74
     3.61
     4.35
     5.14
     5.63
     6.14
     6.33
     6.30
     5.89
     5.53
     4.93
     3.95
     2.98
     1.84
     0.74
    -0.53
    -1.91
    -3.22
    -4.30
    -5.53
    -6.35
    -7.05
    -7.57
    -7.91
    -7.93
    -7.58
    -7.11
    -6.31
    -5.19
    -3.96
    -2.56
    -1.02
     0.55
     2.18
     3.75
     5.38
     6.75
     7.90
     8.91
     9.52
     9.89
     9.84
     9.50
     8.87
     8.01
     6.64
     5.16
     3.54
     1.59
    -0.44
    -2.51
    -4.42
    -6.41
    -8.11
    -9.56
   -10.81
   -11.81
   -12.30
   -12.33
   -12.06
   -11.31
   -10.26
    -8.74
    -6.90
    -4.58
    -2.25
     0.25
     2.74
     5.38
     7.70
     9.95
    11.87
    13.46
    14.55
    15.27
    14.91
    13.50
    10.64
     7.00
     4.16
     2.13
     0.23
    -1.51
    -3.13
    -4.89
    -6.41
    -7.94
    -9.13
    -9.88
   -10.44
   -10.75
   -10.62
   -10.09
    -9.28
    -8.12
    -6.50
    -4.77
    -2.89
    -0.73
     1.56
     3.78
     5.86
     7.99
     9.80
    11.16
    12.48
    13.07
    13.32
    13.15
    12.21
    10.62
     8.67
     6.60
     4.39
     1.96
    -0.22
    -2.68
    -4.98
    -7.18
    -9.19
   -10.97
   -12.39
   -13.56
   -14.12
   -14.35
   -14.01
   -13.15
   -12.01
   -10.17
    -8.18
    -5.71
    -3.00
    -0.14
     2.96
     5.85
     8.68
    11.34
    13.61
    15.43
    16.75
    17.07
    15.27
    10.23
     4.66
     1.76
     0.60
    -0.36
    -1.10
    -2.08
    -2.72
    -3.49
    -3.94
    -4.49
    -4.92
    -4.92
    -5.11
    -4.83
    -4.48
    -4.09
    -3.30
    -2.68
    -1.59
    -0.71
     0.31
     1.32
     2.40
     3.36
     4.22
     4.96
     5.55
     6.15
     6.26
     6.41
     6.08
     5.80
     5.22
     4.47
     3.44
     2.22
     1.07
    -0.13
    -1.54
    -2.73
    -4.12
    -5.17
    -6.27
    -6.94
    -7.58
    -7.91
    -8.08
    -7.87
    -7.31
    -6.58
    -5.63
    -4.48
    -3.09
    -1.68
     0.08
     1.67
     3.35
     4.95
     6.38
     7.70
     8.75
     9.37
     9.85
    10.16
     9.85
     9.31
     8.34
     7.15
     5.76
     4.00
     2.12
     0.16
    -1.76
    -3.88
    -5.88
    -7.69
    -9.23
   -10.71
   -11.75
   -12.23
   -12.66
   -12.38
   -11.83
   -10.82
    -9.28
    -7.54
    -5.37
    -3.13
    -0.59
     1.96
     4.53
     7.04
     9.48
    11.43
    13.29
    14.60
    15.29
    15.22
    14.13
    11.43
     7.72
     4.54
     2.42
     0.54
    -1.18
    -2.84
    -4.42
    -5.98
    -7.32
    -8.49
    -9.43
    -9.87
   -10.14
   -10.08
    -9.76
    -8.98
    -7.91
    -6.49
    -4.93
    -2.94
    -0.90
     1.01
     3.26
     5.26
     7.20
     9.06
    10.57
    11.74
    12.48
    12.79
    12.72
    12.01
    10.88
     9.14
     7.25
     5.24
     3.07
     0.72
    -1.66
    -4.10
    -6.40
    -8.60
   -10.44
   -12.22
   -13.33
   -14.21
   -14.63
   -14.45
   -13.74
   -12.76
   -11.21
    -9.26
    -6.83
    -4.11
    -1.31
     1.84
     4.68
     7.65
    10.49
    12.98
    15.08
    16.52
    17.20
    16.30
    11.89
     5.45
     1.98
     0.66
    -0.19
    -0.93
    -1.54
    -2.24
    -2.83
    -3.23
    -3.76
    -4.04
    -4.28
    -4.15
    -4.02
    -3.82
    -3.35
    -2.86
    -2.28
    -1.54
    -0.81
     0.15
     1.02
     1.84
     2.74
     3.42
     4.14
     4.64
     4.97
     5.22
     5.36
     5.19
     4.86
     4.49
     3.70
     2.99
     2.04
     1.15
     0.04
    -1.00
    -2.12
    -3.27
    -4.20
    -5.01
    -5.78
    -6.24
    -6.70
    -6.79
    -6.57
    -6.21
    -5.61
    -4.95
    -4.00
    -2.71
    -1.64
    -0.12
     1.18
     2.65
     3.94
     5.26
     6.36
     7.27
     7.79
     8.29
     8.56
     8.41
     7.90
     7.35
     6.38
     5.09
     3.70
     2.12
     0.51
    -1.16
    -2.96
    -4.78
    -6.26
    -7.77
    -8.93
    -9.79
   -10.32
   -10.75
   -10.67
   -10.10
    -9.32
    -8.07
    -6.75
    -4.97
    -3.01
    -0.85
     1.21
     3.55
     5.70
     7.62
     9.38
    11.07
    12.16
    12.98
    13.30
    13.15
    12.34
    10.90
     8.94
     6.92
     4.57
     2.49
     0.01
    -2.33
    -4.66
    -6.82
    -8.94
   -10.88
   -12.19
   -13.37
   -14.20
   -14.34
   -14.10
   -13.49
   -12.27
   -10.59
    -8.57
    -6.08
    -3.49
    -0.55
     2.38
     5.48
     8.29
    11.00
    13.22
    15.33
    16.71
    17.05
    15.79
    11.01
     5.13
     2.03
     0.60
    -0.21
    -1.01
    -1.82
    -2.60
    -3.32
    -3.77
    -4.26
    -4.68
    -4.79
    -4.79
    -4.72
    -4.29
    -3.85
    -3.25
    -2.56
    -1.81
    -0.77
     0.18
     1.25
     2.24
     3.20
     3.98
     4.83
     5.29
     5.70
     6.00
     6.06
     6.03
     5.51
     4.94
     4.20
     3.39
     2.29
     1.25
    -0.07
    -1.43
    -2.56
    -3.77
    -4.89
    -5.77
    -6.71
    -7.32
    -7.63
    -7.74
    -7.44
    -7.17
    -6.55
    -5.63
    -4.43
    -3.11
    -1.62
    -0.09
     1.53
     3.03
     4.66
     6.00
     7.14
     8.26
     9.09
     9.42
     9.77
     9.46
     9.06
     8.27
     7.05
     5.70
     4.06
     2.30
     0.48
    -1.64
    -3.62
    -5.54
    -7.19
    -8.79
   -10.15
   -11.24
   -11.89
   -12.03
   -12.00
   -11.42
   -10.53
    -9.20
    -7.44
    -5.42
    -3.30
    -0.92
     1.53
     4.20
     6.51
     8.79
    10.83
    12.60
    13.88
    14.70
    14.83
    14.20
    12.23
     9.33
     6.29
     3.81
     1.65
    -0.15
    -2.19
    -4.10
    -5.82
    -7.44
    -8.90
   -10.16
   -10.95
   -11.46
   -11.48
   -11.38
   -10.60
    -9.65
    -8.29
    -6.61
    -4.63
    -2.25
     0.03
     2.44
     4.85
     7.03
     9.08
    11.09
    12.43
    13.67
    14.20
    14.16
    13.53
    11.84
     9.31
     6.79
     4.34
     2.15
    -0.10
    -2.10
    -4.34
    -6.30
    -8.11
    -9.73
   -11.02
   -12.07
   -12.71
   -12.97
   -12.72
   -11.91
   -10.93
    -9.34
    -7.44
    -5.36
    -3.00
    -0.36
     2.27
     5.03
     7.48
    10.05
    12.04
    13.81
    14.96
    15.70
    15.36
    13.69
    10.16
     6.08
     3.25
     1.51
    -0.05
    -1.72
    -3.09
    -4.55
    -5.96
    -7.07
    -8.02
    -8.67
    -9.05
    -9.27
    -9.07
    -8.54
    -7.66
    -6.63
    -5.20
    -3.71
    -1.93
    -0.09
     1.91
     3.67
     5.48
     7.17
     8.77
    10.01
    10.92
    11.43
    11.55
    11.31
    10.62
     9.50
     8.23
     6.40
     4.45
     2.46
     0.16
    -2.17
    -4.33
    -6.71
    -8.64
   -10.55
   -12.05
   -13.04
   -13.70
   -14.11
   -13.82
   -13.22
   -11.94
   -10.48
    -8.31
    -6.06
    -3.38
    -0.67
     2.29
     5.22
     7.93
    10.67
    12.98
    14.83
    16.15
    16.88
    15.95
    12.13
     6.55
     2.86
     1.12
     0.01
    -0.97
    -1.94
    -2.74
    -3.64
    -4.45
    -5.05
    -5.34
    -5.64
    -5.78
    -5.75
    -5.31
    -4.81
    -4.19
    -3.28
    -2.35
    -1.33
    -0.23
     1.13
     2.29
     3.43
     4.40
     5.33
     6.15
     6.86
     7.13
     7.29
     7.28
     6.79
     6.16
     5.47
     4.31
     3.18
     1.91
     0.40
    -1.19
    -2.51
    -4.06
    -5.35
    -6.67
    -7.56
    -8.39
    -8.98
    -9.15
    -9.18
    -8.67
    -8.02
    -6.91
    -5.79
    -4.30
    -2.61
    -0.85
     1.22
     3.12
     4.90
     6.55
     8.09
     9.47
    10.58
    11.27
    11.56
    11.51
    11.01
    10.09
     8.64
     7.06
     5.32
     3.28
     0.95
    -1.27
    -3.57
    -5.90
    -7.98
    -9.89
   -11.50
   -12.68
   -13.56
   -13.99
   -13.91
   -13.37
   -12.51
   -11.04
    -9.09
    -6.93
    -4.50
    -1.61
     1.15
     4.15
     7.04
     9.62
    11.99
    14.19
    15.70
    16.75
    16.50
    13.96
     8.66
     3.96
     1.58
     0.33
    -0.60
    -1.63
    -2.48
    -3.36
    -4.21
    -4.88
    -5.24
    -5.69
    -5.84
    -5.88
    -5.51
    -5.22
    -4.56
    -3.83
    -2.86
    -1.82
    -0.51
     0.55
     1.74
     2.92
     4.17
     5.15
     5.91
     6.57
     7.17
     7.41
     7.23
     7.08
     6.47
     5.73
     4.80
     3.70
     2.32
     0.89
    -0.57
    -1.97
    -3.48
    -4.91
    -6.30
    -7.36
    -8.13
    -8.89
    -9.18
    -9.27
    -9.01
    -8.47
    -7.38
    -6.25
    -4.95
    -3.34
    -1.40
     0.33
     2.33
     4.29
     5.99
     7.70
     9.12
    10.28
    11.12
    11.58
    11.50
    11.14
    10.37
     9.25
     7.80
     5.94
     4.06
     1.91
    -0.33
    -2.64
    -5.09
    -7.15
    -9.15
   -10.98
   -12.35
   -13.34
   -13.96
   -14.03
   -13.71
   -12.97
   -11.61
    -9.88
    -7.96
    -5.53
    -2.84
     0.11
     2.98
     5.89
     8.59
    11.21
    13.54
    15.20
    16.48
    16.84
    15.33
    10.71
     5.07
     2.13
     0.83
    -0.32
    -1.13
    -2.20
    -3.05
    -3.80
    -4.39
    -4.94
    -5.36
    -5.65
    -5.56
    -5.39
    -5.10
    -4.57
    -3.80
    -2.94
    -1.95
    -0.85
     0.19
     1.42
     2.56
     3.56
     4.59
     5.54
     6.14
     6.71
     7.06
     7.20
     6.93
     6.43
     5.96
     5.01
     3.97
     2.64
     1.31
     0.00
    -1.47
    -2.97
    -4.44
    -5.71
    -6.80
    -7.77
    -8.31
    -8.84
    -8.91
    -8.74
    -8.36
    -7.60
    -6.49
    -5.18
    -3.64
    -2.00
    -0.23
     1.54
     3.49
     5.20
     6.95
     8.41
     9.54
    10.51
    11.13
    11.24
    11.06
    10.48
     9.44
     8.17
     6.43
     4.73
     2.69
     0.32
    -1.90
    -4.13
    -6.32
    -8.27
   -10.16
   -11.57
   -12.68
   -13.51
   -13.73
   -13.61
   -12.94
   -11.94
   -10.46
    -8.48
    -6.16
    -3.58
    -0.92
     1.94
     4.82
     7.46
    10.23
    12.40
    14.40
    15.76
    16.51
    16.00
    13.30
     8.20
     3.95
     1.80
     0.36
    -0.73
    -1.73
    -2.78
    -3.91
    -4.60
    -5.44
    -5.91
    -6.43
    -6.57
    -6.43
    -6.19
    -5.66
    -5.15
    -4.15
    -3.09
    -1.84
    -0.59
     0.75
     2.05
     3.52
     4.65
     5.78
     6.77
     7.55
     7.96
     8.24
     8.15
     7.86
     7.41
     6.55
     5.45
     4.15
     2.68
     0.96
    -0.70
    -2.32
    -4.01
    -5.60
    -7.17
    -8.33
    -9.20
   -10.01
   -10.40
   -10.30
   -10.05
    -9.32
    -8.45
    -7.01
    -5.44
    -3.49
    -1.52
     0.57
     2.72
     4.89
     6.82
     8.61
    10.28
    11.58
    12.53
    12.91
    12.90
    12.41
    11.20
     9.78
     7.75
     5.70
     3.44
     1.14
    -1.20
    -3.64
    -6.00
    -8.14
   -10.11
   -11.72
   -13.18
   -14.06
   -14.49
   -14.39
   -13.93
   -12.88
   -11.38
    -9.65
    -7.30
    -4.65
    -1.84
     1.17
     4.14
     7.16
     9.93
    12.47
    14.64
    16.33
    17.11
    16.68
    13.20
     6.79
     2.67
     0.83
    -0.08
    -0.69
    -1.41
    -2.04
    -2.75
    -3.41
    -3.85
    -4.04
    -4.36
    -4.31
    -4.31
    -4.12
    -3.63
    -3.24
    -2.56
    -1.70
    -1.03
    -0.18
     0.73
     1.73
     2.63
     3.48
     4.10
     4.75
     5.05
     5.42
     5.44
     5.43
     5.19
     4.62
     3.99
     3.39
     2.33
     1.45
     0.32
    -0.83
    -2.03
    -3.03
    -4.15
    -5.10
    -5.84
    -6.46
    -6.72
    -7.02
    -6.87
    -6.65
    -6.00
    -5.36
    -4.24
    -3.17
    -1.98
    -0.59
     0.80
     2.30
     3.64
     5.04
     6.27
     7.20
     8.01
     8.58
     8.76
     8.68
     8.41
     7.67
     6.79
     5.59
     4.12
     2.64
     0.96
    -0.95
    -2.60
    -4.47
    -6.01
    -7.68
    -8.87
    -9.93
   -10.66
   -10.98
   -10.86
   -10.51
    -9.79
    -8.74
    -7.29
    -5.51
    -3.55
    -1.42
     0.85
     2.97
     5.34
     7.40
     9.23
    10.97
    12.40
    13.13
    13.60
    13.61
    12.71
    11.22
     9.29
     7.05
     4.63
     2.38
     0.18
    -2.19
    -4.37
    -6.65
    -8.69
   -10.34
   -11.92
   -13.02
   -13.76
   -14.00
   -13.71
   -13.05
   -12.03
   -10.33
    -8.37
    -6.06
    -3.50
    -0.73
     2.20
     5.21
     7.92
    10.52
    12.78
    14.77
    16.06
    16.88
    15.96
    12.31
     6.60
     2.96
     1.09
     0.15
    -0.93
    -1.90
    -2.76
    -3.73
    -4.46
    -5.06
    -5.54
    -5.74
    -5.98
    -5.71
    -5.52
    -4.92
    -4.36
    -3.50
    -2.39
    -1.30
    -0.24
     0.97
     2.28
     3.52
     4.49
     5.38
     6.23
     6.91
     7.22
     7.44
     7.29
     6.90
     6.46
     5.47
     4.57
     3.23
     1.94
     0.36
    -1.09
    -2.61
    -4.09
    -5.48
    -6.79
    -7.74
    -8.49
    -9.14
    -9.41
    -9.22
    -8.91
    -8.10
    -7.09
    -5.85
    -4.40
    -2.72
    -0.86
     1.17
     3.08
     4.94
     6.61
     8.30
     9.70
    10.66
    11.47
    11.67
    11.67
    11.15
    10.14
     8.83
     7.28
     5.41
     3.21
     1.02
    -1.18
    -3.62
    -5.79
    -7.98
   -10.00
   -11.63
   -12.81
   -13.71
   -14.13
   -14.10
   -13.57
   -12.71
   -11.09
    -9.29
    -7.03
    -4.44
    -1.82
     1.16
     4.15
     6.98
     9.71
    12.24
    14.21
    15.86
    16.89
    16.54
    13.72
     8.14
     3.45
     1.41
     0.19
    -0.69
    -1.58
    -2.41
    -3.07
    -3.78
    -4.49
    -4.95
    -5.20
    -5.23
    -5.23
    -4.99
    -4.72
    -4.02
    -3.35
    -2.45
    -1.39
    -0.44
     0.75
     1.77
     2.84
     3.80
     4.73
     5.60
     6.20
     6.43
     6.81
     6.58
     6.45
     5.99
     5.19
     4.23
     3.28
     1.95
     0.63
    -0.64
    -2.15
    -3.46
    -4.67
    -5.74
    -6.92
    -7.64
    -8.09
    -8.50
    -8.42
    -8.09
    -7.54
    -6.70
    -5.64
    -4.31
    -2.69
    -1.06
     0.62
     2.38
     4.11
     5.61
     7.13
     8.46
     9.39
    10.17
    10.59
    10.52
    10.23
     9.63
     8.45
     7.14
     5.56
     3.54
     1.68
    -0.48
    -2.76
    -4.80
    -6.87
    -8.65
   -10.26
   -11.53
   -12.54
   -13.11
   -13.14
   -12.93
   -12.05
   -10.84
    -9.15
    -7.27
    -4.88
    -2.43
     0.25
     3.09
     5.63
     8.30
    10.72
    12.64
    14.43
    15.46
    15.92
    15.29
    12.69
     8.25
     4.45
     2.12
     0.62
    -0.88
    -2.12
    -3.51
    -4.84
    -5.79
    -6.79
    -7.56
    -8.02
    -8.30
    -8.35
    -7.94
    -7.49
    -6.58
    -5.48
    -4.16
    -2.63
    -0.89
     0.66
     2.46
     4.09
     5.73
     7.33
     8.41
     9.43
    10.20
    10.56
    10.38
     9.99
     9.29
     8.20
     6.99
     5.22
     3.34
     1.39
    -0.62
    -2.82
    -4.90
    -6.92
    -8.82
   -10.25
   -11.56
   -12.40
   -12.95
   -12.99
   -12.74
   -11.76
   -10.54
    -8.87
    -6.86
    -4.73
    -2.17
     0.49
     3.17
     5.89
     8.52
    10.71
    12.76
    14.43
    15.39
    15.80
    15.09
    12.48
     8.26
     4.67
     2.35
     0.68
    -0.80
    -2.14
    -3.71
    -4.88
    -6.07
    -7.26
    -8.00
    -8.51
    -8.81
    -8.76
    -8.35
    -7.90
    -6.97
    -5.80
    -4.30
    -2.71
    -1.10
     0.70
     2.56
     4.30
     6.06
     7.48
     8.89
     9.95
    10.69
    11.09
    10.98
    10.61
     9.82
     8.68
     7.18
     5.48
     3.60
     1.57
    -0.75
    -2.94
    -5.07
    -7.18
    -9.14
   -10.71
   -12.16
   -13.06
   -13.56
   -13.67
   -13.14
   -12.41
   -11.05
    -9.38
    -7.25
    -4.91
    -2.26
     0.41
     3.37
     6.03
     8.84
    11.23
    13.32
    15.03
    16.04
    16.44
    15.16
    11.24
     6.34
     3.08
     1.36
    -0.01
    -1.17
    -2.40
    -3.55
    -4.53
    -5.32
    -6.06
    -6.59
    -6.97
    -6.98
    -6.87
    -6.53
    -6.01
    -5.21
    -4.16
    -2.96
    -1.51
    -0.24
     1.40
     2.80
     4.13
     5.43
     6.61
     7.64
     8.39
     8.78
     8.82
     8.82
     8.40
     7.53
     6.65
     5.36
     3.91
     2.22
     0.37
    -1.30
    -3.13
    -5.00
    -6.55
    -8.19
    -9.24
   -10.22
   -10.89
   -11.17
   -11.13
   -10.58
    -9.77
    -8.42
    -6.94
    -5.13
    -3.11
    -0.88
     1.48
     3.75
     5.99
     8.16
    10.05
    11.52
    12.83
    13.51
    13.86
    13.53
    12.50
    10.81
     8.43
     6.12
     3.84
     1.50
    -0.80
    -2.92
    -5.13
    -7.20
    -9.12
   -10.80
   -12.14
   -13.19
   -13.69
   -13.75
   -13.36
   -12.42
   -11.23
    -9.37
    -7.41
    -4.94
    -2.18
     0.42
     3.35
     6.11
     8.86
    11.21
    13.35
    15.03
    16.29
    16.41
    14.98
    10.89
     5.91
     2.68
     0.99
    -0.21
    -1.23
    -2.40
    -3.39
    -4.31
    -5.22
    -5.79
    -6.29
    -6.66
    -6.81
    -6.62
    -6.17
    -5.49
    -4.86
    -3.85
    -2.71
    -1.39
     0.09
     1.40
     2.78
     4.19
     5.30
     6.38
     7.31
     8.01
     8.38
     8.53
     8.33
     7.81
     7.16
     6.05
     4.88
     3.46
     1.97
     0.21
    -1.45
    -3.18
    -4.91
    -6.55
    -7.84
    -9.07
    -9.88
   -10.47
   -10.62
   -10.47
    -9.92
    -9.17
    -7.88
    -6.53
    -4.60
    -2.62
    -0.69
     1.63
     3.72
     5.94
     7.90
     9.77
    11.07
    12.33
    12.94
    13.20
    12.99
    12.16
    10.70
     8.82
     6.58
     4.30
     2.18
    -0.30
    -2.69
    -4.87
    -7.16
    -9.12
   -10.98
   -12.56
   -13.54
   -14.25
   -14.37
   -14.14
   -13.41
   -11.99
   -10.36
    -8.14
    -5.67
    -3.00
    -0.15
     2.90
     5.77
     8.76
    11.24
    13.61
    15.57
    16.73
    17.13
    15.24
    10.10
     4.35
     1.67
     0.49
    -0.31
    -1.23
    -2.03
    -2.68
    -3.26
    -3.91
    -4.21
    -4.61
    -4.71
    -4.64
    -4.63
    -4.16
    -3.83
    -3.09
    -2.37
    -1.46
    -0.56
     0.43
     1.43
     2.39
     3.13
     4.12
     4.74
     5.36
     5.78
     5.97
     6.06
     5.88
     5.47
     4.76
     4.15
     3.08
     2.04
     0.89
    -0.33
    -1.52
    -2.81
    -3.86
    -4.88
    -5.87
    -6.67
    -7.10
    -7.45
    -7.56
    -7.36
    -6.91
    -6.32
    -5.37
    -4.15
    -2.95
    -1.37
     0.10
     1.72
     3.18
     4.71
     6.01
     7.21
     8.26
     9.08
     9.44
     9.57
     9.37
     8.83
     8.02
     6.86
     5.31
     3.72
     2.03
     0.04
    -1.86
    -3.82
    -5.67
    -7.30
    -8.83
   -10.16
   -11.08
   -11.67
   -11.82
   -11.75
   -11.08
   -10.15
    -8.68
    -7.15
    -5.07
    -2.89
    -0.56
     2.08
     4.43
     6.86
     8.96
    10.90
    12.58
    13.75
    14.61
    14.63
    14.00
    12.00
     9.36
     6.30
     3.78
     1.74
    -0.19
    -2.15
    -4.27
    -6.07
    -7.86
    -9.30
   -10.53
   -11.46
   -11.90
   -12.05
   -11.91
   -11.19
   -10.15
    -8.62
    -6.91
    -4.86
    -2.51
     0.02
     2.44
     4.90
     7.30
     9.47
    11.43
    13.04
    14.12
    14.74
    14.73
    13.68
    11.48
     8.28
     5.30
     3.16
     1.18
    -0.83
    -2.85
    -4.56
    -6.42
    -8.07
    -9.25
   -10.44
   -11.16
   -11.48
   -11.53
   -11.23
   -10.33
    -9.32
    -7.85
    -5.93
    -3.94
    -1.69
     0.75
     3.18
     5.57
     7.84
     9.72
    11.49
    12.99
    13.96
    14.32
    14.21
    13.04
    11.02
     8.46
     5.79
     3.47
     1.40
    -0.74
    -2.89
    -4.84
    -6.86
    -8.60
   -10.19
   -11.43
   -12.31
   -12.67
   -12.69
   -12.36
   -11.52
   -10.35
    -8.77
    -6.71
    -4.44
    -1.99
     0.51
     3.18
     5.90
     8.29
    10.61
    12.62
    14.14
    15.26
    15.69
    15.09
    12.70
     8.87
     5.40
     2.78
     1.09
    -0.61
    -2.06
    -3.71
    -5.08
    -6.40
    -7.54
    -8.44
    -9.08
    -9.50
    -9.44
    -9.18
    -8.67
    -7.61
    -6.48
    -5.11
    -3.35
    -1.49
     0.49
     2.39
     4.41
     6.17
     7.91
     9.28
    10.62
    11.31
    11.94
    11.99
    11.59
    10.70
     9.47
     7.95
     5.98
     4.02
     1.79
    -0.57
    -2.94
    -5.25
    -7.50
    -9.37
   -11.08
   -12.61
   -13.64
   -14.31
   -14.32
   -13.90
   -13.11
   -11.89
   -10.07
    -7.88
    -5.34
    -2.75
     0.20
     3.20
     6.18
     8.90
    11.50
    13.73
    15.66
    16.77
    16.95
    14.91
     9.45
     4.05
     1.58
     0.44
    -0.43
    -1.33
    -2.10
    -2.74
    -3.41
    -3.92
    -4.39
    -4.73
    -4.90
    -4.95
    -4.73
    -4.35
    -3.84
    -3.16
    -2.37
    -1.47
    -0.52
     0.36
     1.46
     2.38
     3.31
     4.31
     5.00
     5.64
     6.04
     6.15
     6.24
     6.00
     5.59
     4.90
     4.18
     3.17
     2.06
     0.90
    -0.44
    -1.57
    -2.97
    -4.09
    -5.14
    -6.19
    -6.90
    -7.39
    -7.77
    -7.91
    -7.60
    -7.13
    -6.28
    -5.30
    -4.28
    -2.78
    -1.33
     0.21
     1.82
     3.40
     4.94
     6.36
     7.56
     8.56
     9.42
     9.72
     9.87
     9.62
     8.94
     8.21
     6.94
     5.47
     3.67
     1.87
    -0.12
    -2.14
    -3.98
    -6.02
    -7.76
    -9.21
   -10.67
   -11.54
   -12.17
   -12.26
   -11.98
   -11.44
   -10.46
    -8.97
    -7.22
    -5.12
    -2.70
    -0.20
     2.24
     4.81
     7.30
     9.56
    11.45
    13.22
    14.33
    14.97
    14.96
    13.79
    11.36
     8.08
     5.06
     2.81
     0.86
    -0.98
    -2.87
    -4.48
    -6.14
    -7.64
    -8.96
    -9.94
   -10.58
   -11.04
   -10.87
   -10.46
    -9.78
    -8.64
    -7.22
    -5.43
    -3.40
    -1.30
     0.89
     3.27
     5.49
     7.57
     9.55
    11.10
    12.38
    13.38
    13.75
    13.48
    12.62
    11.17
     9.11
     6.82
     4.57
     2.17
    -0.05
    -2.30
    -4.61
    -6.67
    -8.68
   -10.58
   -11.96
   -13.18
   -13.82
   -13.88
   -13.73
   -13.01
   -11.81
   -10.20
    -8.12
    -5.74
    -3.14
    -0.40
     2.49
     5.34
     8.14
    10.67
    13.06
    14.84
    16.25
    16.76
    15.70
    11.92
     6.34
     2.86
     1.07
    -0.10
    -0.96
    -1.98
    -3.01
    -3.83
    -4.55
    -5.26
    -5.69
    -5.87
    -5.91
    -5.85
    -5.64
    -5.11
    -4.28
    -3.55
    -2.49
    -1.31
    -0.20
     1.11
     2.44
     3.54
     4.59
     5.68
     6.43
     7.02
     7.46
     7.57
     7.41
     7.09
     6.52
     5.64
     4.54
     3.33
     1.83
     0.38
    -1.20
    -2.76
    -4.23
    -5.73
    -6.93
    -7.94
    -8.67
    -9.28
    -9.62
    -9.51
    -9.10
    -8.36
    -7.20
    -6.02
    -4.47
    -2.55
    -0.73
     1.19
     3.23
     5.08
     6.93
     8.46
     9.89
    10.88
    11.67
    11.98
    11.80
    11.18
    10.21
     8.91
     7.27
     5.23
     3.20
     0.88
    -1.49
    -3.89
    -6.12
    -8.29
   -10.10
   -11.78
   -13.06
   -13.97
   -14.38
   -14.29
   -13.66
   -12.56
   -11.23
    -9.20
    -6.96
    -4.40
    -1.49
     1.46
     4.31
     7.24
    10.01
    12.40
    14.52
    16.17
    17.01
    16.63
    13.08
     7.09
     2.90
     1.03
     0.00
    -0.74
    -1.52
    -2.42
    -3.02
    -3.69
    -4.24
    -4.61
    -4.86
    -4.97
    -4.93
    -4.59
    -4.27
    -3.57
    -2.98
    -2.08
    -1.20
    -0.24
     0.89
     1.79
     2.94
     3.72
     4.52
     5.22
     5.69
     6.06
     6.29
     6.19
     5.76
     5.34
     4.68
     3.77
     2.78
     1.62
     0.30
    -0.89
    -2.19
    -3.36
    -4.48
    -5.66
    -6.42
    -7.18
    -7.59
    -7.85
    -7.84
    -7.36
    -6.92
    -5.96
    -4.97
    -3.70
    -2.19
    -0.77
     0.95
     2.50
     4.05
     5.53
     6.89
     8.00
     8.96
     9.45
     9.76
     9.81
     9.35
     8.62
     7.65
     6.33
     4.78
     3.15
     1.17
    -0.83
    -2.91
    -4.87
    -6.65
    -8.39
    -9.89
   -11.10
   -11.78
   -12.23
   -12.20
   -11.96
   -10.99
    -9.91
    -8.36
    -6.28
    -4.27
    -1.87
     0.75
     3.31
     5.72
     8.11
    10.24
    12.10
    13.70
    14.75
    15.19
    14.72
    13.10
    10.18
     6.74
     3.97
     1.88
     0.05
    -1.73
    -3.54
    -5.14
    -6.74
    -8.16
    -9.38
   -10.34
   -10.70
   -10.92
   -10.79
   -10.22
    -9.34
    -7.98
    -6.45
    -4.71
    -2.64
    -0.50
     1.87
     4.16
     6.28
     8.39
    10.19
    11.68
    12.75
    13.54
    13.69
    13.34
    12.16
    10.35
     8.13
     5.91
     3.65
     1.33
    -0.80
    -3.14
    -5.52
    -7.61
    -9.62
   -11.09
   -12.57
   -13.50
   -13.93
   -13.94
   -13.57
   -12.67
   -11.32
    -9.54
    -7.35
    -4.81
    -2.11
     0.64
     3.66
     6.50
     9.16
    11.64
    13.83
    15.53
    16.65
    16.72
    14.64
     9.70
     4.47
     1.87
     0.70
    -0.33
    -1.44
    -2.30
    -3.22
    -4.01
    -4.64
    -5.35
    -5.69
    -5.76
    -5.82
    -5.65
    -5.21
    -4.64
    -3.85
    -2.98
    -1.87
    -0.85
     0.49
     1.70
     2.86
     3.97
     4.90
     5.85
     6.56
     7.09
     7.33
     7.35
     7.15
     6.70
     6.08
     5.00
     3.98
     2.60
     1.24
    -0.19
    -1.78
    -3.33
    -4.84
    -6.04
    -7.23
    -8.08
    -8.77
    -9.27
    -9.32
    -9.14
    -8.59
    -7.78
    -6.63
    -5.12
    -3.51
    -1.81
     0.04
     2.05
     3.95
     5.73
     7.49
     8.90
    10.19
    11.05
    11.51
    11.69
    11.51
    10.60
     9.57
     8.20
     6.46
     4.30
     2.17
    -0.01
    -2.28
    -4.62
    -6.93
    -8.88
   -10.68
   -12.27
   -13.32
   -13.96
   -14.16
   -14.00
   -13.25
   -11.90
   -10.31
    -8.36
    -5.84
    -3.30
    -0.33
     2.49
     5.44
     8.39
    10.92
    13.17
    15.05
    16.43
    16.86
    15.72
    11.39
     5.70
     2.43
     0.85
    -0.08
    -1.05
    -2.02
    -2.86
    -3.56
    -4.26
    -4.76
    -5.14
    -5.47
    -5.34
    -5.27
    -4.87
    -4.39
    -3.74
    -2.93
    -2.05
    -0.94
     0.00
     1.11
     2.42
     3.38
     4.39
     5.24
     5.97
     6.48
     6.75
     6.77
     6.70
     6.27
     5.81
     4.83
     3.99
     2.74
     1.53
     0.12
    -1.28
    -2.71
    -4.04
    -5.41
    -6.52
    -7.34
    -8.04
    -8.48
    -8.60
    -8.55
    -8.06
    -7.26
    -6.40
    -5.23
    -3.80
    -2.06
    -0.33
     1.35
     3.21
     4.86
     6.42
     8.00
     9.16
     9.93
    10.57
    10.90
    10.78
    10.22
     9.30
     8.13
     6.57
     4.81
     2.68
     0.71
    -1.48
    -3.70
    -5.78
    -7.80
    -9.63
   -11.15
   -12.28
   -13.12
   -13.43
   -13.22
   -12.80
   -11.65
   -10.30
    -8.46
    -6.33
    -3.82
    -1.24
     1.42
     4.20
     7.08
     9.63
    11.78
    13.79
    15.31
    16.06
    15.94
    14.21
    10.13
     5.55
     2.79
     1.18
    -0.16
    -1.55
    -2.86
    -4.04
    -5.15
    -5.96
    -6.77
    -7.38
    -7.73
    -7.72
    -7.55
    -7.13
    -6.28
    -5.40
    -4.31
    -2.96
    -1.55
     0.19
     1.80
     3.26
     4.90
     6.17
     7.47
     8.53
     9.15
     9.60
     9.75
     9.46
     9.02
     8.19
     6.96
     5.58
     3.95
     2.14
     0.09
    -1.89
    -3.96
    -5.71
    -7.50
    -9.19
   -10.48
   -11.31
   -11.89
   -12.15
   -11.94
   -11.31
   -10.32
    -8.96
    -7.19
    -5.19
    -2.85
    -0.51
     1.94
     4.60
     6.94
     9.24
    11.20
    12.81
    14.17
    14.86
    14.94
    13.95
    11.85
     8.56
     5.60
     3.20
     1.21
    -0.71
    -2.62
    -4.42
    -6.09
    -7.60
    -8.95
   -10.02
   -10.84
   -11.22
   -11.24
   -11.01
   -10.20
    -9.23
    -7.76
    -5.95
    -4.07
    -1.73
     0.59
     2.85
     5.24
     7.31
     9.50
    11.15
    12.52
    13.62
    14.04
    13.91
    13.17
    11.43
     9.08
     6.61
     4.28
     2.07
    -0.18
    -2.38
    -4.51
    -6.67
    -8.51
   -10.10
   -11.60
   -12.59
   -13.30
   -13.48
   -13.16
   -12.36
   -11.26
    -9.65
    -7.71
    -5.38
    -2.96
    -0.17
     2.51
     5.32
     7.91
    10.52
    12.63
    14.42
    15.64
    16.19
    15.68
    12.90
     8.39
     4.43
     2.16
     0.55
    -0.73
    -2.05
    -3.16
    -4.46
    -5.55
    -6.44
    -7.06
    -7.60
    -7.71
    -7.81
    -7.36
    -6.86
    -5.97
    -5.07
    -3.75
    -2.34
    -0.95
     0.79
     2.37
     3.90
     5.39
     6.71
     7.91
     8.79
     9.44
     9.75
     9.67
     9.39
     8.77
     7.82
     6.54
     4.90
     3.12
     1.27
    -0.62
    -2.63
    -4.56
    -6.47
    -8.23
    -9.57
   -10.81
   -11.69
   -12.12
   -12.18
   -11.92
   -11.15
   -10.00
    -8.44
    -6.52
    -4.37
    -2.14
     0.43
     2.94
     5.46
     7.89
    10.02
    11.86
    13.47
    14.43
    15.00
    14.63
    13.42
    10.69
     7.29
     4.63
     2.29
     0.49
    -1.33
    -3.28
    -4.95
    -6.63
    -8.15
    -9.48
   -10.30
   -10.89
   -11.28
   -11.06
   -10.74
    -9.77
    -8.63
    -6.96
    -5.14
    -3.07
    -0.91
     1.41
     3.69
     5.96
     8.26
    10.00
    11.59
    12.86
    13.68
    13.93
    13.58
    12.50
    10.66
     8.28
     5.84
     3.62
     1.36
    -0.85
    -3.05
    -5.23
    -7.43
    -9.19
   -10.91
   -12.12
   -12.94
   -13.51
   -13.46
   -13.11
   -12.13
   -10.81
    -9.25
    -7.00
    -4.66
    -2.04
     0.77
     3.46
     6.25
     8.89
    11.26
    13.35
    15.09
    16.08
    16.24
    14.91
    11.16
     6.21
     2.94
     1.21
     0.03
    -1.20
    -2.39
    -3.51
    -4.52
    -5.52
    -6.29
    -6.84
    -7.13
    -7.31
    -7.15
    -6.66
    -6.16
    -5.31
    -4.14
    -3.01
    -1.49
    -0.20
     1.31
     2.90
     4.30
     5.71
     6.75
     7.70
     8.60
     9.05
     9.22
     9.03
     8.58
     7.74
     6.64
     5.37
     3.84
     2.15
     0.39
    -1.41
    -3.28
    -5.16
    -6.75
    -8.33
    -9.61
   -10.49
   -11.09
   -11.34
   -11.21
   -10.82
    -9.89
    -8.62
    -7.02
    -5.14
    -3.09
    -0.79
     1.45
     3.89
     6.28
     8.32
    10.25
    11.96
    13.13
    13.90
    14.11
    13.75
    12.51
    10.53
     7.92
     5.41
     3.05
     1.07
    -1.22
    -3.47
    -5.45
    -7.39
    -9.23
   -10.70
   -11.98
   -12.76
   -13.11
   -13.24
   -12.72
   -11.67
   -10.38
    -8.67
    -6.63
    -4.22
    -1.63
     1.17
     3.87
     6.64
     9.18
    11.47
    13.35
    14.87
    15.75
    16.06
    14.72
    11.18
     6.66
     3.51
     1.60
     0.15
    -1.29
    -2.51
    -3.83
    -5.16
    -6.15
    -6.98
    -7.65
    -8.00
    -8.19
    -8.13
    -7.68
    -6.92
    -6.04
    -4.97
    -3.53
    -1.90
    -0.25
     1.31
     2.95
     4.61
     6.31
     7.51
     8.71
     9.61
    10.18
    10.35
    10.16
     9.74
     8.98
     7.77
     6.20
     4.49
     2.75
     0.62
    -1.45
    -3.53
    -5.55
    -7.53
    -9.13
   -10.56
   -11.71
   -12.49
   -12.79
   -12.77
   -12.28
   -11.24
    -9.87
    -8.12
    -6.15
    -3.68
    -1.30
     1.45
     4.16
     6.78
     9.12
    11.41
    13.15
    14.70
    15.47
    15.67
    14.56
    11.50
     7.51
     4.14
     2.15
     0.41
    -1.19
    -2.58
    -4.03
    -5.45
    -6.63
    -7.66
    -8.49
    -9.13
    -9.36
    -9.16
    -8.78
    -8.11
    -7.18
    -5.85
    -4.39
    -2.59
    -0.79
     1.18
     3.06
     4.91
     6.78
     8.27
     9.62
    10.58
    11.34
    11.58
    11.65
    11.03
    10.18
     8.71
     7.09
     5.30
     3.13
     1.07
    -1.36
    -3.55
    -5.99
    -7.94
    -9.88
   -11.58
   -12.73
   -13.76
   -14.20
   -14.18
   -13.63
   -12.49
   -11.09
    -9.17
    -7.08
    -4.36
    -1.73
     1.19
     4.27
     7.04
     9.85
    12.24
    14.26
    16.00
    16.77
    16.62
    13.78
     8.05
     3.45
     1.42
     0.33
    -0.71
    -1.65
    -2.46
    -3.28
    -4.02
    -4.57
    -4.97
    -5.30
    -5.53
    -5.36
    -5.09
    -4.71
    -4.11
    -3.38
    -2.43
    -1.40
    -0.50
     0.69
     1.74
     2.82
     3.86
     4.85
     5.68
     6.28
     6.60
     6.83
     6.84
     6.49
     5.96
     5.33
     4.36
     3.21
     1.97
     0.76
    -0.68
    -1.99
    -3.46
    -4.88
    -6.05
    -7.06
    -7.78
    -8.40
    -8.70
    -8.61
    -8.41
    -7.77
    -6.88
    -5.81
    -4.32
    -2.84
    -1.26
     0.63
     2.48
     4.06
     5.87
     7.39
     8.62
     9.61
    10.39
    10.85
    10.93
    10.45
     9.67
     8.73
     7.17
     5.58
     3.69
     1.68
    -0.60
    -2.64
    -4.90
    -6.93
    -8.79
   -10.40
   -11.79
   -12.68
   -13.23
   -13.35
   -13.07
   -12.28
   -11.00
    -9.43
    -7.25
    -4.91
    -2.47
     0.19
     3.14
     5.82
     8.51
    10.81
    12.93
    14.74
    15.84
    16.30
    15.37
    12.13
     7.27
     3.79
     1.64
     0.22
    -0.94
    -2.17
    -3.54
    -4.49
    -5.66
    -6.32
    -7.06
    -7.51
    -7.57
    -7.52
    -7.15
    -6.54
    -5.74
    -4.62
    -3.46
    -2.02
    -0.59
     1.09
     2.71
     4.18
     5.66
     6.93
     8.06
     8.78
     9.42
     9.61
     9.51
     9.09
     8.49
     7.34
     6.14
     4.61
     2.75
     0.87
    -0.99
    -2.98
    -4.93
    -6.76
    -8.30
    -9.86
   -10.83
   -11.61
   -12.03
   -12.01
   -11.59
   -10.65
    -9.59
    -7.97
    -5.93
    -3.77
    -1.56
     0.87
     3.54
     5.94
     8.21
    10.28
    12.11
    13.55
    14.52
    14.82
    14.51
    13.03
    10.26
     7.12
     4.58
     2.37
     0.46
    -1.57
    -3.57
    -5.43
    -7.07
    -8.68
    -9.90
   -10.89
   -11.56
   -11.76
   -11.68
   -11.14
   -10.20
    -8.83
    -7.25
    -5.23
    -3.20
    -0.84
     1.59
     4.10
     6.45
     8.68
    10.56
    12.24
    13.45
    14.34
    14.48
    13.96
    12.47
     9.89
     7.19
     4.61
     2.34
     0.30
    -1.66
    -3.70
    -5.68
    -7.55
    -9.25
   -10.45
   -11.65
   -12.18
   -12.45
   -12.38
   -11.79
   -10.70
    -9.36
    -7.63
    -5.52
    -3.34
    -0.73
     1.76
     4.34
     6.88
     9.19
    11.32
    13.01
    14.35
    15.15
    15.15
    14.25
    11.75
     8.09
     4.95
     2.70
     0.71
    -0.92
    -2.59
    -4.23
    -5.88
    -7.38
    -8.58
    -9.35
   -10.16
   -10.46
   -10.46
    -9.98
    -9.29
    -8.10
    -6.86
    -5.18
    -3.35
    -1.17
     0.88
     3.09
     5.11
     7.22
     9.05
    10.47
    11.75
    12.54
    12.94
    12.94
    12.24
    11.15
     9.35
     7.44
     5.28
     3.12
     0.80
    -1.73
    -4.04
    -6.40
    -8.55
   -10.44
   -12.02
   -13.36
   -14.10
   -14.60
   -14.42
   -13.82
   -12.68
   -11.18
    -9.26
    -6.85
    -4.13
    -1.38
     1.68
     4.62
     7.67
    10.33
    12.82
    14.95
    16.49
    17.18
    16.33
    12.29
     5.82
     2.27
     0.69
    -0.02
    -0.89
    -1.58
    -2.31
    -2.86
    -3.43
    -3.82
    -4.25
    -4.42
    -4.38
    -4.20
    -4.12
    -3.63
    -3.14
    -2.34
    -1.65
    -0.84
     0.04
     1.02
     1.94
     2.74
     3.51
     4.28
     4.80
     5.23
     5.49
     5.61
     5.38
     5.09
     4.67
     3.98
     3.28
     2.32
     1.20
     0.13
    -1.04
    -2.14
    -3.26
    -4.26
    -5.25
    -5.88
    -6.52
    -6.89
    -7.08
    -6.87
    -6.57
    -6.04
    -5.26
    -4.23
    -2.93
    -1.82
    -0.33
     1.16
     2.63
     4.02
     5.33
     6.33
     7.40
     8.19
     8.56
     8.86
     8.78
     8.27
     7.67
     6.69
     5.49
     3.96
     2.29
     0.68
    -1.20
    -3.00
    -4.77
    -6.47
    -7.79
    -9.09
   -10.14
   -10.77
   -11.04
   -11.07
   -10.63
    -9.74
    -8.66
    -7.04
    -5.24
    -3.38
    -1.10
     1.12
     3.44
     5.68
     7.77
     9.68
    11.25
    12.50
    13.31
    13.68
    13.45
    12.56
    10.99
     8.82
     6.49
     4.15
     1.97
    -0.31
    -2.57
    -4.73
    -6.96
    -8.99
   -10.74
   -12.07
   -13.11
   -13.76
   -13.89
   -13.57
   -12.79
   -11.53
    -9.81
    -7.84
    -5.42
    -2.84
    -0.06
     2.89
     5.68
     8.40
    11.04
    13.09
    14.91
    16.19
    16.66
    15.51
    11.49
     6.18
     2.72
     1.14
    -0.08
    -1.16
    -2.11
    -3.14
    -4.02
    -4.83
    -5.45
    -5.90
    -6.25
    -6.31
    -6.07
    -5.73
    -5.20
    -4.54
    -3.53
    -2.49
    -1.39
    -0.11
     1.32
     2.48
     3.79
     4.97
     5.85
     6.70
     7.24
     7.78
     7.84
     7.67
     7.38
     6.72
     5.70
     4.63
     3.27
     1.87
     0.32
    -1.27
    -2.96
    -4.53
    -6.00
    -7.13
    -8.21
    -9.22
    -9.60
    -9.89
    -9.86
    -9.42
    -8.53
    -7.47
    -6.05
    -4.45
    -2.72
    -0.73
     1.37
     3.34
     5.33
     7.29
     8.86
    10.23
    11.45
    12.05
    12.47
    12.23
    11.59
    10.52
     8.99
     7.07
     5.00
     2.85
     0.56
    -1.72
    -4.08
    -6.52
    -8.69
   -10.46
   -12.11
   -13.46
   -14.22
   -14.52
   -14.42
   -13.69
   -12.73
   -11.17
    -9.06
    -6.76
    -3.95
    -1.08
     1.74
     4.78
     7.87
    10.49
    12.88
    15.07
    16.65
    17.27
    16.27
    11.87
     5.61
     2.13
     0.57
    -0.19
    -0.83
    -1.67
    -2.22
    -2.98
    -3.52
    -3.80
    -4.08
    -4.40
    -4.32
    -4.29
    -3.93
    -3.61
    -3.11
    -2.37
    -1.51
    -0.86
     0.05
     0.98
     1.95
     2.82
     3.55
     4.23
     4.70
     5.23
     5.45
     5.44
     5.37
     5.14
     4.66
     3.86
     3.10
     2.11
     1.20
     0.08
    -1.21
    -2.31
    -3.33
    -4.31
    -5.16
    -5.96
    -6.41
    -6.80
    -6.95
    -6.79
    -6.45
    -5.96
    -5.08
    -4.12
    -2.86
    -1.68
    -0.25
     1.29
     2.66
     3.96
     5.37
     6.38
     7.36
     8.17
     8.54
     8.83
     8.53
     8.25
     7.42
     6.60
     5.21
     3.87
     2.21
     0.47
    -1.36
    -2.99
    -4.85
    -6.37
    -7.86
    -9.12
   -10.13
   -10.74
   -10.95
   -10.86
   -10.51
    -9.61
    -8.36
    -6.89
    -5.17
    -3.12
    -1.02
     1.29
     3.60
     5.79
     7.93
     9.81
    11.40
    12.54
    13.38
    13.69
    13.42
    12.55
    10.96
     8.79
     6.53
     4.30
     1.94
    -0.27
    -2.59
    -4.80
    -7.07
    -9.02
   -10.79
   -12.17
   -13.30
   -13.79
   -14.09
   -13.73
   -12.92
   -11.69
    -9.98
    -7.96
    -5.55
    -2.81
     0.08
     2.96
     5.83
     8.64
    11.08
    13.40
    15.12
    16.43
    16.81
    15.42
    11.08
     5.59
     2.39
     0.77
    -0.21
    -1.14
    -2.02
    -3.04
    -3.86
    -4.46
    -5.16
    -5.44
    -5.70
    -5.84
    -5.59
    -5.36
    -4.78
    -3.98
    -3.21
    -2.13
    -1.02
     0.01
     1.35
     2.58
     3.60
     4.76
     5.53
     6.28
     6.90
     7.31
     7.40
     7.18
     6.80
     6.10
     5.32
     4.21
     3.01
     1.55
     0.01
    -1.37
    -2.88
    -4.47
    -5.76
    -6.89
    -7.81
    -8.70
    -9.16
    -9.26
    -9.15
    -8.61
    -7.89
    -6.91
    -5.53
    -4.04
    -2.21
    -0.43
     1.59
     3.46
     5.24
     6.91
     8.51
     9.85
    10.75
    11.30
    11.65
    11.42
    10.85
     9.92
     8.45
     6.71
     4.94
     2.78
     0.65
    -1.84
    -4.15
    -6.32
    -8.39
   -10.18
   -11.80
   -13.05
   -13.77
   -14.18
   -13.94
   -13.32
   -12.28
   -10.81
    -8.71
    -6.53
    -3.83
    -1.06
     1.88
     4.71
     7.59
    10.24
    12.57
    14.54
    16.19
    16.93
    16.16
    12.98
     7.13
     3.05
     1.19
     0.15
    -0.89
    -1.74
    -2.67
    -3.52
    -4.25
    -4.85
    -5.23
    -5.56
    -5.69
    -5.51
    -5.20
    -4.70
    -4.15
    -3.40
    -2.43
    -1.30
    -0.23
     0.92
     2.08
     3.10
     4.26
     5.18
     5.89
     6.53
     6.95
     7.08
     7.06
     6.75
     6.12
     5.31
     4.29
     3.26
     2.02
     0.63
    -0.86
    -2.39
    -3.78
    -5.19
    -6.28
    -7.29
    -8.12
    -8.69
    -8.92
    -8.75
    -8.49
    -7.87
    -6.82
    -5.64
    -4.34
    -2.63
    -0.98
     0.81
     2.66
     4.62
     6.29
     7.83
     9.09
    10.14
    10.73
    11.19
    11.12
    10.69
     9.84
     8.67
     7.07
     5.32
     3.35
     1.30
    -0.88
    -3.11
    -5.37
    -7.42
    -9.38
   -11.04
   -12.22
   -13.23
   -13.64
   -13.67
   -13.35
   -12.39
   -11.08
    -9.20
    -7.20
    -4.75
    -1.98
     0.77
     3.65
     6.45
     9.11
    11.53
    13.69
    15.23
    16.35
    16.36
    14.76
    10.52
     5.47
     2.49
     0.99
    -0.31
    -1.39
    -2.49
    -3.53
    -4.35
    -5.31
    -5.97
    -6.36
    -6.67
    -6.64
    -6.51
    -6.08
    -5.56
    -4.71
    -3.64
    -2.50
    -1.32
     0.22
     1.52
     2.81
     4.23
     5.41
     6.56
     7.25
     8.02
     8.33
     8.56
     8.19
     7.72
     7.03
     5.99
     4.77
     3.35
     1.82
     0.10
    -1.59
    -3.47
    -5.06
    -6.54
    -7.86
    -9.08
    -9.97
   -10.54
   -10.71
   -10.39
    -9.84
    -9.01
    -7.73
    -6.26
    -4.56
    -2.54
    -0.40
     1.73
     4.01
     6.13
     7.97
     9.88
    11.18
    12.43
    13.03
    13.30
    13.02
    11.90
    10.45
     8.51
     6.42
     4.28
     1.98
    -0.44
    -2.84
    -5.12
    -7.26
    -9.30
   -11.18
   -12.69
   -13.68
   -14.18
   -14.46
   -14.04
   -13.14
   -11.96
   -10.22
    -8.11
    -5.45
    -2.73
     0.07
     3.17
     6.10
     8.98
    11.46
    13.81
    15.57
    16.94
    17.13
    14.98
     9.48
     4.09
     1.46
     0.35
    -0.46
    -1.20
    -2.07
    -2.63
    -3.36
    -3.95
    -4.38
    -4.59
    -4.78
    -4.78
    -4.59
    -4.14
    -3.62
    -3.08
    -2.27
    -1.45
    -0.53
     0.52
     1.35
     2.34
     3.33
     4.15
     4.88
     5.44
     5.77
     5.96
     5.98
     5.71
     5.33
     4.82
     3.99
     3.10
     1.94
     0.88
    -0.42
    -1.52
    -2.80
    -4.00
    -5.10
    -5.94
    -6.67
    -7.10
    -7.54
    -7.50
    -7.25
    -6.90
    -6.16
    -5.23
    -4.07
    -2.69
    -1.22
     0.25
     1.87
     3.42
     4.76
     6.24
     7.35
     8.23
     8.89
     9.39
     9.47
     9.19
     8.61
     7.80
     6.58
     5.33
     3.64
     1.87
    -0.10
    -2.03
    -3.94
    -5.74
    -7.56
    -8.96
   -10.24
   -11.17
   -11.58
   -11.95
   -11.67
   -11.05
    -9.96
    -8.58
    -6.86
    -4.79
    -2.57
    -0.21
     2.19
     4.58
     7.03
     9.20
    11.01
    12.77
    13.82
    14.58
    14.49
    13.69
    11.96
     9.15
     6.36
     3.81
     1.78
    -0.35
    -2.23
    -4.31
    -6.19
    -7.91
    -9.52
   -10.70
   -11.54
   -12.17
   -12.18
   -12.00
   -11.29
   -10.11
    -8.58
    -6.92
    -4.68
    -2.49
    -0.03
     2.57
     5.06
     7.53
     9.64
    11.73
    13.25
    14.44
    15.02
    14.87
    13.59
    11.05
     7.87
     4.80
     2.66
     0.64
    -1.21
    -2.89
    -4.70
    -6.47
    -7.92
    -9.13
   -10.27
   -10.96
   -11.13
   -11.16
   -10.63
    -9.92
    -8.74
    -7.23
    -5.36
    -3.41
    -1.28
     1.17
     3.45
     5.79
     7.90
     9.76
    11.38
    12.61
    13.64
    13.97
    13.78
    12.70
    11.03
     8.76
     6.35
     3.89
     1.76
    -0.48
    -2.71
    -5.01
    -6.97
    -8.87
   -10.66
   -12.00
   -12.97
   -13.50
   -13.64
   -13.26
   -12.55
   -11.25
    -9.57
    -7.59
    -5.12
    -2.50
     0.25
     3.08
     5.86
     8.47
    11.02
    13.04
    14.83
    15.97
    16.39
    15.37
    11.66
     6.58
     3.18
     1.44
     0.03
    -1.15
    -2.21
    -3.30
    -4.30
    -5.25
    -5.95
    -6.55
    -6.79
    -6.92
    -6.89
    -6.54
    -5.92
    -5.03
    -4.06
    -2.99
    -1.64
    -0.32
     1.25
     2.53
     4.03
     5.39
     6.38
     7.38
     8.17
     8.50
     8.75
     8.68
     8.22
