     1.72
     4.64
     9.26
    15.97
    24.66
    33.20
    40.00
    43.83
    47.06
    50.92
    55.74
    58.58
    59.51
    60.65
    58.99
    56.67
    53.82
    48.81
    43.45
    37.02
    29.72
    23.43
    14.98
     4.57
    -4.29
   -13.14
   -19.93
   -26.01
   -31.98
   -36.58
   -39.30
   -38.53
   -38.54
   -39.68
   -39.40
   -39.05
   -39.73
   -38.92
   -39.28
   -39.55
   -36.94
   -33.94
   -30.05
   -24.15
   -18.63
   -11.35
    -4.86
     0.29
     3.69
     6.37
    11.26
    15.02
    20.42
    25.99
    31.50
    38.54
    46.66
    53.74
    57.46
    58.24
    59.02
    56.80
    52.18
    45.48
    35.44
    22.65
     7.87
    -8.01
   -23.92
   -39.65
   -53.00
   -63.92
   -74.82
   -83.42
   -87.18
   -86.84
   -83.17
   -77.67
   -70.42
   -61.41
   -50.42
   -38.40
   -24.44
   -10.39
     1.96
    14.94
    29.09
    41.22
    50.20
    57.12
    64.82
    69.79
    72.74
    74.69
    74.85
    73.46
    71.16
    68.11
    65.43
    61.04
    52.58
    44.73
    33.96
    22.74
    11.29
     0.29
    -8.40
   -18.14
   -28.29
   -39.47
   -49.08
   -56.95
   -65.10
   -73.04
   -77.20
   -79.90
   -79.12
   -74.46
   -65.40
   -56.20
   -43.64
   -28.03
   -12.06
     5.23
    23.69
    40.16
    54.10
    65.15
    74.83
    80.08
    81.81
    80.34
    77.40
    71.19
    60.58
    50.31
    37.23
    22.18
     6.13
   -11.80
   -27.23
   -42.61
   -57.73
   -72.28
   -85.97
   -96.33
  -104.23
  -107.48
  -107.49
  -102.97
   -93.99
   -81.96
   -65.78
   -47.52
   -30.04
   -12.50
     6.49
    26.24
    47.38
    64.82
    78.14
    89.09
    97.28
   102.36
   105.83
   106.11
   102.60
    96.16
    84.75
    72.20
    55.08
    37.97
    17.63
    -4.96
   -26.73
   -47.01
   -65.94
   -85.06
  -102.20
  -118.05
  -129.20
  -136.54
  -139.98
  -140.91
  -135.78
  -127.38
  -115.43
   -99.30
   -82.41
   -64.72
   -42.77
   -20.63
     2.17
    26.93
    49.45
    70.22
    86.51
    98.47
   109.81
   119.98
   125.41
   128.38
   125.31
   119.93
   111.57
   101.07
    85.71
    65.35
    40.86
    15.37
    -8.25
   -32.98
   -57.86
   -83.13
  -103.53
  -119.11
  -128.71
  -134.10
  -137.79
  -135.59
  -130.07
  -123.14
  -110.49
   -93.10
   -70.87
   -47.97
   -25.60
    -2.19
    22.59
    47.05
    70.91
    91.23
   109.72
   124.39
   133.05
   138.86
   139.98
   139.20
   136.70
   128.70
   117.95
   105.88
    91.84
    72.82
    50.66
    29.42
     6.29
   -16.84
   -41.93
   -64.29
   -83.43
   -98.80
  -111.13
  -121.34
  -127.82
  -130.32
  -130.41
  -126.71
  -119.12
  -110.23
   -99.61
   -86.19
   -68.82
   -47.47
   -25.61
    -1.07
    24.43
    50.09
    74.52
    97.08
   118.22
   137.16
   153.60
   163.99
   170.66
   171.23
   168.69
   162.36
   149.99
   131.35
   107.16
    79.63
    50.74
    19.81
   -10.84
   -38.93
   -64.07
   -85.00
  -105.26
  -123.13
  -138.60
  -149.54
  -155.59
  -158.64
  -154.90
  -145.95
  -134.30
  -116.44
   -97.56
   -76.96
   -55.77
   -31.28
    -7.60
    17.12
    42.34
    65.36
    86.72
   106.78
   124.26
   137.29
   144.02
   148.71
   147.15
   143.13
   135.05
   123.28
   107.04
    87.24
    67.39
    46.09
    21.27
    -3.75
   -29.98
   -53.95
   -73.93
   -91.97
  -109.54
  -124.94
  -136.38
  -144.10
  -147.92
  -148.14
  -143.36
  -133.91
  -122.34
  -106.93
   -90.73
   -71.70
   -50.19
   -28.11
    -3.53
    19.83
    42.55
    65.80
    86.44
   102.90
   116.26
   126.47
   132.28
   135.55
   135.06
   129.62
   119.44
   106.43
    90.27
    69.49
    47.71
    24.53
    -0.19
   -22.85
   -43.49
   -65.33
   -83.45
   -98.81
  -113.16
  -125.36
  -133.37
  -137.42
  -135.09
  -130.96
  -123.34
  -111.40
   -95.72
   -79.67
   -62.83
   -43.76
   -21.10
     0.49
    22.06
    44.99
    66.74
    87.07
   106.65
   122.44
   132.34
   136.75
   138.36
   137.95
   133.30
   126.96
   118.84
   106.20
    91.35
    73.91
    52.65
    31.30
    10.13
   -11.67
   -33.59
   -55.28
   -76.31
   -95.40
  -110.45
  -121.97
  -127.76
  -130.34
  -127.89
  -121.35
  -112.66
   -98.37
   -82.65
   -62.09
   -38.74
   -15.42
     7.23
    27.30
    45.77
    63.75
    77.92
    89.20
    99.56
   109.21
   114.90
   119.29
   119.77
   115.58
   106.67
    95.24
    80.19
    64.42
    48.90
    32.66
    14.20
    -4.76
   -22.77
   -39.94
   -53.63
   -67.31
   -76.71
   -81.72
   -85.08
   -87.15
   -84.55
   -78.21
   -69.94
   -59.59
   -48.09
   -36.97
   -23.02
    -6.04
    10.76
    29.61
    50.07
    69.38
    87.57
   104.39
   116.59
   124.89
   128.09
   129.98
   128.61
   122.26
   111.61
    95.56
    78.42
    59.40
    39.89
    21.69
     1.43
   -19.72
   -38.02
   -56.20
   -73.84
   -90.52
  -103.62
  -113.78
  -119.62
  -119.46
  -115.13
  -108.00
  -100.02
   -87.75
   -71.55
   -53.78
   -33.47
   -14.58
     6.37
    28.38
    50.60
    70.75
    91.26
   108.11
   120.62
   132.06
   138.31
   140.44
   140.50
   138.36
   130.15
   119.75
   107.38
    91.71
    73.43
    52.68
    30.67
     9.01
   -12.13
   -30.63
   -49.54
   -66.36
   -82.05
   -93.62
  -104.75
  -112.79
  -119.60
  -124.04
  -123.54
  -117.94
  -106.72
   -92.26
   -73.12
   -50.23
   -24.22
     3.03
    29.23
    55.86
    82.02
   104.44
   125.86
   141.68
   152.09
   157.58
   159.58
   154.57
   143.00
   125.25
   104.44
    81.69
    57.88
    32.84
     9.13
   -13.41
   -37.65
   -62.05
   -84.36
  -104.25
  -122.97
  -139.62
  -150.03
  -155.64
  -155.58
  -149.74
  -139.71
  -127.71
  -113.62
   -94.40
   -73.49
   -51.42
   -26.36
    -1.15
    25.22
    51.89
    78.88
   105.13
   127.35
   146.34
   158.99
   168.22
   170.53
   166.56
   159.20
   148.86
   133.82
   114.42
    90.53
    64.20
    36.58
     9.36
   -17.88
   -42.97
   -66.29
   -87.36
  -105.14
  -119.40
  -128.29
  -135.16
  -136.78
  -132.72
  -125.10
  -113.43
   -96.35
   -75.41
   -54.25
   -32.52
   -10.75
    12.13
    34.92
    58.94
    81.50
   102.35
   119.72
   131.22
   136.66
   139.39
   135.64
   126.56
   114.91
    99.95
    84.49
    64.55
    42.03
    17.12
    -7.35
   -32.82
   -57.43
   -80.01
   -99.06
  -115.83
  -129.73
  -138.94
  -146.31
  -148.53
  -146.64
  -139.17
  -128.42
  -114.14
   -98.64
   -80.86
   -59.07
   -34.12
   -10.25
    11.74
    33.10
    54.60
    71.97
    88.86
   101.74
   111.66
   118.01
   122.00
   120.29
   116.22
   108.49
    95.43
    79.80
    62.59
    46.05
    29.37
    11.73
    -7.01
   -25.40
   -41.97
   -59.75
   -76.82
   -90.33
  -101.75
  -107.79
  -112.51
  -111.80
  -110.21
  -107.56
  -103.46
   -93.89
   -79.84
   -61.98
   -40.93
   -16.94
     5.10
    28.60
    52.95
    76.81
    96.18
   112.99
   124.64
   132.05
   135.30
   135.94
   133.00
   126.34
   117.28
   103.35
    84.82
    63.84
    40.77
    18.98
    -2.54
   -22.45
   -41.03
   -59.67
   -75.36
   -89.95
  -102.43
  -113.87
  -122.95
  -129.00
  -131.91
  -132.80
  -132.27
  -125.74
  -117.89
  -107.75
   -92.23
   -72.88
   -50.54
   -26.99
    -1.98
    21.15
    41.79
    60.45
    75.76
    86.60
    96.12
   100.73
   100.65
    97.35
    91.74
    85.49
    78.35
    69.39
    57.50
    43.45
    25.77
     6.03
   -12.92
   -33.67
   -53.80
   -71.26
   -85.89
   -97.13
  -105.25
  -108.74
  -109.78
  -108.49
  -104.34
   -98.07
   -90.16
   -78.34
   -66.18
   -53.03
   -39.30
   -26.01
   -13.39
    -0.57
    11.10
    20.24
    30.26
    39.32
    49.05
    57.38
    63.35
    69.82
    74.11
    75.96
    76.16
    76.17
    74.82
    69.18
    63.54
    53.66
    42.86
    31.71
    17.79
     2.32
   -11.85
   -26.46
   -41.63
   -53.97
   -64.86
   -74.98
   -80.49
   -86.04
   -87.81
   -84.70
   -76.76
   -65.83
   -54.39
   -38.90
   -22.45
    -4.00
    12.31
    26.67
    40.33
    52.79
    61.36
    69.42
    76.70
    81.88
    84.42
    83.12
    81.64
    79.08
    76.15
    72.52
    68.35
    59.78
    51.03
    41.26
    31.16
    22.18
    10.92
    -2.34
   -16.40
   -31.60
   -44.96
   -56.83
   -67.84
   -78.73
   -85.76
   -92.61
   -98.52
  -100.67
  -101.41
  -101.42
   -97.19
   -91.23
   -80.26
   -65.91
   -47.69
   -29.34
   -12.00
     3.69
    20.18
    34.90
    48.89
    63.06
    74.10
    84.11
    89.91
    91.56
    88.96
    85.42
    80.26
    74.78
    65.43
    56.56
    47.21
    38.33
    27.78
    14.69
     2.79
    -9.66
   -21.46
   -32.13
   -40.62
   -47.77
   -52.82
   -57.63
   -61.21
   -64.37
   -63.25
   -61.43
   -59.22
   -55.65
   -48.64
   -38.04
   -24.80
    -9.71
     3.55
    16.95
    29.91
    41.29
    52.27
    62.39
    71.71
    76.92
    78.84
    78.27
    74.03
    68.28
    61.39
    54.88
    47.08
    36.93
    27.93
    20.10
    10.68
     1.86
    -7.91
   -18.95
   -27.10
   -32.93
   -35.88
   -36.39
   -34.49
   -33.04
   -28.57
   -21.07
   -12.62
    -5.20
     4.80
    13.77
    22.78
    32.12
    39.53
    45.53
    52.19
    58.17
    61.13
    62.67
    63.68
    61.39
    55.26
    48.04
    40.57
    30.27
    19.00
     7.37
    -4.98
   -17.26
   -31.34
   -45.88
   -59.56
   -71.74
   -81.57
   -90.12
   -97.96
  -103.87
  -108.03
  -107.71
  -103.97
   -96.89
   -85.67
   -71.17
   -54.33
   -38.15
   -19.68
    -3.14
    13.60
    28.49
    44.68
    61.85
    76.32
    86.81
    94.43
    98.91
    99.52
    96.39
    91.70
    82.00
    70.25
    58.00
    46.14
    34.99
    21.31
     5.96
    -7.18
   -19.91
   -34.38
   -45.50
   -53.51
   -60.40
   -64.07
   -64.78
   -63.93
   -61.43
   -55.75
   -49.17
   -42.66
   -37.11
   -29.62
   -22.91
   -13.21
    -4.11
     7.12
    17.72
    28.38
    38.98
    46.35
    52.30
    57.43
    59.66
    59.81
    60.13
    61.15
    61.99
    60.40
    55.61
    50.03
    42.10
    33.19
    23.29
    10.99
    -3.00
   -17.47
   -32.64
   -49.23
   -62.64
   -72.09
   -81.18
   -87.93
   -93.40
   -97.80
   -98.50
   -95.96
   -92.68
   -86.28
   -76.32
   -63.96
   -49.08
   -30.48
    -9.68
    12.60
    32.87
    50.22
    66.69
    80.29
    91.91
   101.75
   107.75
   109.00
   106.82
   103.69
    95.21
    86.26
    75.62
    63.54
    51.53
    38.47
    25.81
    11.41
    -5.37
   -23.04
   -38.34
   -54.30
   -67.99
   -77.48
   -84.41
   -90.36
   -95.44
   -97.80
   -98.24
   -98.19
   -95.45
   -92.02
   -86.89
   -81.69
   -74.03
   -61.99
   -47.45
   -30.31
   -12.65
     6.30
    22.55
    39.53
    56.22
    70.00
    81.34
    92.58
   102.97
   111.39
   114.96
   112.97
   109.74
   103.29
    92.34
    79.11
    64.37
    45.68
    25.40
     3.77
   -17.30
   -40.09
   -59.93
   -79.15
   -95.53
  -110.15
  -123.69
  -133.91
  -138.72
  -141.25
  -139.36
  -135.72
  -127.90
  -116.26
  -100.52
   -81.79
   -62.67
   -43.61
   -22.61
    -2.65
    18.42
    40.79
    63.90
    82.89
    97.86
   109.07
   117.20
   119.65
   118.09
   113.28
   104.77
    94.29
    81.36
    67.10
    48.63
    30.50
    10.66
   -11.29
   -34.85
   -55.86
   -76.05
   -94.42
  -107.81
  -119.78
  -130.32
  -138.76
  -143.03
  -143.18
  -137.49
  -128.91
  -118.92
  -105.92
   -90.39
   -71.39
   -48.35
   -25.14
    -2.85
    18.13
    40.21
    61.43
    82.60
   100.15
   113.11
   120.45
   126.44
   127.90
   127.56
   122.96
   115.83
   104.10
    90.23
    73.43
    53.96
    35.30
    18.02
     0.30
   -16.25
   -32.27
   -45.51
   -59.77
   -70.92
   -82.30
   -92.57
  -100.14
  -106.88
  -110.77
  -111.04
  -107.14
   -99.94
   -91.34
   -78.81
   -63.85
   -47.27
   -29.95
   -12.70
     6.12
    24.83
    43.04
    59.82
    76.63
    92.63
   105.22
   116.10
   123.97
   127.16
   126.14
   122.30
   115.26
   106.77
    95.11
    81.93
    65.49
    46.98
    27.69
     7.73
   -10.59
   -27.25
   -41.00
   -55.33
   -67.84
   -76.47
   -83.42
   -90.03
   -95.91
   -99.93
  -102.82
  -101.29
   -97.85
   -91.88
   -85.12
   -76.63
   -65.98
   -55.45
   -41.73
   -25.48
    -9.47
     8.68
    24.24
    38.63
    50.03
    62.36
    72.63
    83.16
    90.21
    94.32
    93.21
    86.97
    80.39
    73.11
    65.30
    55.68
    45.19
    33.76
    21.36
     9.20
    -4.55
   -17.48
   -29.94
   -43.40
   -57.66
   -68.97
   -78.04
   -83.65
   -85.09
   -85.92
   -85.46
   -82.71
   -78.74
   -74.32
   -66.14
   -53.72
   -41.53
   -29.00
   -14.27
     0.48
    17.32
    34.09
    50.90
    65.25
    76.56
    87.53
    97.82
   106.13
   112.52
   114.76
   115.06
   112.32
   103.86
    94.45
    84.04
    71.67
    58.30
    42.03
    25.43
     7.36
   -10.20
   -26.49
   -39.84
   -53.90
   -68.71
   -82.32
   -92.83
  -103.00
  -110.35
  -116.60
  -120.45
  -122.27
  -119.50
  -110.87
  -100.07
   -85.97
   -69.31
   -49.20
   -25.25
    -2.51
    20.41
    41.62
    61.79
    79.21
    94.46
   106.13
   116.97
   121.96
   121.67
   115.71
   107.70
    97.35
    84.14
    67.98
    50.34
    28.89
     6.22
   -16.68
   -39.55
   -63.66
   -87.58
  -110.13
  -128.46
  -142.20
  -152.68
  -157.37
  -156.00
  -147.93
  -135.16
  -117.83
   -95.51
   -69.96
   -42.14
   -12.42
    18.14
    50.22
    78.52
   103.72
   124.82
   140.17
   151.05
   155.54
   154.03
   147.01
   136.46
   119.61
    96.83
    69.67
    41.15
    12.58
   -16.02
   -43.56
   -71.66
   -99.31
  -124.00
  -147.01
  -165.41
  -181.33
  -192.06
  -198.49
  -198.40
  -191.91
  -180.86
  -164.78
  -145.07
  -121.24
   -96.15
   -68.06
   -39.86
    -9.61
    21.03
    48.83
    74.51
   100.12
   120.47
   135.20
   146.82
   154.45
   158.63
   160.22
   155.83
   146.99
   132.09
   112.90
    89.96
    66.09
    38.74
     8.15
   -24.62
   -57.44
   -86.58
  -112.84
  -135.94
  -154.20
  -169.42
  -179.97
  -185.44
  -184.41
  -176.88
  -164.30
  -145.59
  -121.46
   -95.03
   -68.01
   -39.90
   -11.14
    19.68
    49.24
    76.25
   100.78
   121.54
   140.52
   157.55
   171.73
   183.03
   190.89
   192.95
   188.63
   180.94
   167.83
   149.34
   125.21
    96.39
    66.67
    35.60
     2.12
   -28.87
   -58.40
   -87.60
  -112.38
  -134.49
  -154.17
  -167.86
  -178.09
  -184.01
  -185.97
  -184.03
  -175.89
  -160.40
  -138.38
  -114.08
   -85.26
   -53.55
   -21.41
     9.37
    42.03
    73.84
   101.99
   126.91
   146.45
   160.11
   168.97
   175.14
   176.35
   171.67
   160.43
   146.81
   130.26
   111.08
    86.51
    58.66
    30.90
     4.48
   -23.89
   -49.63
   -73.40
   -96.98
  -119.34
  -139.37
  -155.62
  -165.28
  -171.21
  -173.40
  -169.89
  -162.79
  -150.18
  -131.10
  -105.88
   -76.67
   -44.32
    -9.83
    25.31
    61.09
    93.67
   123.41
   147.69
   165.15
   178.00
   183.79
   184.36
   181.73
   176.15
   164.07
   149.38
   130.44
   109.75
    83.41
    54.36
    22.45
   -10.51
   -44.41
   -78.27
  -110.31
  -141.12
  -169.56
  -194.46
  -212.64
  -222.39
  -227.99
  -224.98
  -216.23
  -202.20
  -181.70
  -154.07
  -122.65
   -85.83
   -45.94
    -5.38
    33.62
    69.80
   102.18
   133.14
   158.72
   179.26
   195.98
   205.41
   206.49
   200.74
   189.21
   172.32
   149.66
   121.07
    87.04
    51.23
    14.62
   -23.04
   -62.16
   -98.90
  -132.18
  -163.00
  -190.63
  -211.76
  -226.38
  -232.56
  -230.49
  -221.65
  -206.36
  -186.01
  -158.72
  -127.92
   -92.64
   -54.89
   -17.40
    21.46
    58.42
    92.89
   126.87
   157.43
   183.79
   204.83
   219.05
   225.48
   225.74
   217.39
   201.33
   180.51
   154.26
   124.42
    89.19
    51.94
    13.48
   -25.28
   -63.79
  -101.01
  -137.04
  -170.71
  -199.93
  -225.58
  -242.39
  -250.96
  -250.17
  -239.58
  -221.75
  -196.55
  -167.80
  -133.23
   -96.61
   -59.36
   -22.40
    13.46
    50.27
    86.61
   120.14
   150.73
   177.80
   197.67
   213.06
   223.42
   225.66
   219.54
   207.99
   188.72
   162.43
   132.91
   102.05
    67.00
    30.15
    -9.83
   -49.57
   -85.56
  -118.23
  -144.85
  -165.20
  -178.38
  -187.28
  -192.18
  -192.32
  -187.34
  -175.18
  -157.89
  -138.02
  -115.20
   -89.20
   -60.92
   -30.12
     0.98
    31.77
    62.31
    93.15
   119.50
   139.86
   154.19
   165.32
   171.99
   173.89
   172.99
   168.16
   156.83
   141.55
   123.33
   102.41
    78.12
    50.49
    21.29
    -7.65
   -38.66
   -67.80
   -93.76
  -117.04
  -135.97
  -149.10
  -156.38
  -158.59
  -157.75
  -149.93
  -138.78
  -123.08
  -102.60
   -79.94
   -52.91
   -24.26
     4.28
    31.70
    57.55
    83.76
   107.72
   128.55
   144.30
   155.91
   160.75
   160.82
   154.80
   146.52
   136.24
   122.84
   107.76
    92.05
    71.55
    50.43
    30.36
     8.58
   -13.71
   -37.06
   -61.30
   -81.30
   -98.80
  -112.47
  -125.28
  -136.35
  -140.95
  -143.24
  -140.20
  -131.22
  -118.24
  -100.71
   -78.57
   -55.33
   -29.30
    -1.66
    28.35
    55.89
    81.32
   104.03
   121.15
   136.16
   149.48
   159.14
   163.39
   161.49
   154.59
   143.77
   126.68
   105.36
    82.09
    56.77
    30.32
     0.75
   -28.73
   -59.28
   -88.43
  -114.89
  -136.66
  -152.52
  -161.79
  -166.56
  -165.79
  -162.27
  -155.88
  -146.18
  -132.69
  -114.02
   -91.78
   -67.36
   -42.72
   -17.18
     7.87
    30.78
    52.23
    73.22
    90.68
   103.90
   111.78
   117.39
   121.07
   120.65
   118.34
   112.39
   105.09
    93.60
    80.06
    63.59
    42.96
    22.92
     3.70
   -15.75
   -32.63
   -48.59
   -65.24
   -79.43
   -92.34
  -100.75
  -106.45
  -110.87
  -113.62
  -112.57
  -109.12
  -102.65
   -92.34
   -77.07
   -57.55
   -38.08
   -15.54
     9.80
    33.59
    54.45
    74.49
    92.90
   108.31
   118.56
   126.08
   131.42
   133.91
   134.07
   130.97
   125.70
   116.46
   104.48
    88.23
    70.94
    52.59
    34.80
    17.41
     1.78
   -15.91
   -33.92
   -53.35
   -69.62
   -81.90
   -91.14
   -99.49
  -102.94
  -103.64
  -103.08
  -100.14
   -96.42
   -90.14
   -80.34
   -67.59
   -54.18
   -37.51
   -20.76
    -5.67
    11.85
    27.14
    40.90
    52.39
    64.15
    73.41
    78.46
    80.61
    80.43
    77.92
    72.39
    66.62
    61.14
    54.35
    45.27
    35.57
    25.07
    13.48
     2.75
    -6.68
   -17.58
   -28.86
   -41.23
   -53.75
   -64.33
   -75.22
   -84.18
   -92.94
   -99.58
  -101.84
  -101.29
   -95.55
   -85.16
   -74.33
   -63.11
   -52.01
   -39.85
   -27.24
   -15.04
    -2.02
     9.69
    22.22
    33.83
    43.84
    52.31
    61.65
    69.08
    72.80
    74.78
    75.22
    74.88
    70.17
    61.03
    50.77
    39.95
    25.78
    11.40
    -2.92
   -16.18
   -28.63
   -40.63
   -53.01
   -64.21
   -72.59
   -79.49
   -83.55
   -83.37
   -80.04
   -71.97
   -60.58
   -49.82
   -37.55
   -23.66
   -10.69
     2.77
    17.94
    30.31
    43.93
    58.55
    70.52
    78.19
    84.08
    87.51
    90.40
    90.55
    86.18
    77.74
    68.10
    55.97
    40.55
    25.17
     8.06
    -9.15
   -24.62
   -37.08
   -46.62
   -53.01
   -60.06
   -66.64
   -68.81
   -66.51
   -63.96
   -57.32
   -49.89
   -39.77
   -29.61
   -20.80
   -10.57
    -2.12
     5.03
     9.93
    12.42
    15.30
    18.26
    21.80
    22.48
    22.57
    22.94
    24.90
    25.67
    24.25
    24.22
    25.38
    27.44
    27.50
    28.75
    28.79
    29.49
    28.44
    25.12
    18.62
    13.47
     7.53
     0.62
    -8.72
   -17.99
   -28.22
   -37.03
   -46.83
   -54.75
   -59.29
   -61.27
   -62.02
   -62.24
   -58.96
   -55.05
   -47.48
   -40.41
   -32.52
   -25.32
   -19.80
   -12.54
    -2.87
     8.15
    20.09
    31.18
    39.17
    45.36
    52.46
    56.65
    58.98
    61.65
    62.88
    64.08
    62.39
    58.05
    54.02
    49.42
    43.02
    36.67
    31.61
    26.40
    19.65
    10.15
    -1.63
   -13.98
   -27.18
   -40.87
   -54.55
   -65.67
   -75.04
   -82.01
   -85.01
   -84.20
   -81.79
   -77.89
   -69.52
   -59.44
   -45.64
   -32.76
   -21.34
    -7.69
     7.18
    21.31
    34.00
    44.99
    52.50
    59.00
    62.18
    64.33
    66.89
    65.45
    63.98
    60.46
    56.31
    51.19
    42.98
    35.85
    25.89
    14.22
     2.29
    -8.72
   -18.24
   -29.00
   -36.93
   -44.35
   -50.07
   -55.62
   -57.06
   -59.27
   -60.81
   -60.32
   -58.39
   -54.43
   -47.36
   -36.61
   -24.99
   -12.21
    -0.37
    12.80
    25.08
    38.27
    49.04
    58.42
    68.47
    78.84
    84.90
    89.80
    89.81
    86.32
    82.17
    76.47
    70.09
    61.17
    51.78
    41.33
    31.63
    19.75
     5.92
    -9.64
   -26.11
   -44.05
   -62.36
   -79.13
   -93.83
  -105.26
  -111.33
  -113.52
  -112.48
  -109.30
  -101.43
   -92.32
   -79.52
   -66.87
   -51.93
   -35.62
   -18.58
    -1.07
    17.90
    36.47
    53.81
    69.22
    81.81
    92.24
   101.30
   109.14
   112.41
   114.22
   115.07
   110.14
   103.36
    92.08
    79.24
    62.34
    43.37
    24.55
     5.89
   -13.36
   -32.90
   -51.84
   -69.97
   -88.07
  -105.09
  -117.86
  -127.02
  -133.90
  -134.85
  -130.08
  -123.31
  -115.26
  -101.78
   -86.81
   -70.98
   -52.84
   -34.71
   -17.15
     2.68
    24.32
    43.90
    60.65
    77.85
    92.59
   106.48
   119.41
   128.03
   134.96
   138.45
   135.83
   130.17
   121.34
   106.94
    87.99
    68.10
    48.61
    26.48
     2.42
   -21.79
   -46.72
   -70.56
   -89.91
  -104.17
  -115.53
  -124.97
  -130.88
  -132.13
  -127.30
  -116.88
  -104.55
   -90.77
   -72.79
   -52.54
   -28.80
    -3.34
    20.95
    44.20
    67.08
    87.20
   107.14
   121.62
   133.84
   142.03
   147.01
   148.58
   146.00
   138.17
   126.28
   109.79
    91.65
    69.34
    46.60
    21.51
    -3.11
   -26.06
   -48.69
   -67.63
   -84.72
  -101.25
  -114.75
  -125.03
  -134.01
  -138.53
  -138.82
  -136.11
  -128.95
  -116.82
  -100.63
   -80.27
   -56.40
   -30.89
    -4.02
    21.34
    47.80
    74.03
    95.63
   114.41
   129.78
   140.00
   148.22
   150.81
   147.89
   141.46
   130.98
   117.24
    98.56
    77.79
    55.93
    30.12
     1.49
   -27.74
   -57.35
   -86.74
  -112.16
  -131.92
  -148.51
  -160.44
  -166.31
  -165.31
  -157.87
  -144.35
  -126.50
  -105.69
   -82.20
   -57.60
   -29.64
    -2.82
    26.46
    57.25
    88.67
   117.08
   143.80
   167.63
   184.55
   196.77
   203.87
   202.73
   196.23
   185.74
   167.86
   146.65
   120.87
    90.24
    56.13
    20.93
   -17.24
   -55.35
   -91.30
  -126.12
  -158.97
  -189.36
  -216.11
  -234.22
  -247.86
  -254.57
  -256.11
  -248.88
  -234.11
  -210.99
  -183.31
  -149.16
  -109.72
   -66.84
   -23.73
    20.11
    64.88
   105.42
   144.04
   176.51
   203.19
   224.02
   237.84
   246.35
   248.95
   245.39
   232.36
   211.17
   182.08
   149.68
   111.59
    72.82
    31.83
    -9.05
   -50.03
   -87.66
  -122.53
  -152.38
  -176.03
  -196.11
  -208.37
  -212.68
  -212.94
  -209.08
  -200.36
  -185.29
  -163.32
  -138.99
  -112.14
   -82.76
   -51.02
   -15.43
    19.56
    52.79
    82.42
   107.38
   130.79
   151.53
   168.20
   178.36
   182.07
   181.91
   175.69
   165.14
   151.26
   132.37
   111.89
    90.42
    68.21
    41.59
    12.99
   -17.50
   -47.20
   -73.84
   -96.97
  -119.35
  -136.24
  -150.87
  -161.97
  -168.33
  -171.15
  -167.56
  -159.62
  -147.25
  -128.81
  -108.52
   -83.03
   -53.08
   -22.43
     8.77
    38.29
    64.15
    86.45
   106.40
   120.89
   132.54
   139.98
   141.68
   140.19
   134.71
   127.12
   116.34
   101.56
    84.93
    66.96
    46.35
    24.46
     0.23
   -26.24
   -52.62
   -77.21
   -99.19
  -119.24
  -133.34
  -143.27
  -146.95
  -146.11
  -139.73
  -126.83
  -112.09
   -93.50
   -70.48
   -47.85
   -21.50
     4.02
    30.73
    54.98
    78.23
    97.89
   115.22
   130.78
   144.23
   154.37
   160.36
   162.06
   157.66
   149.85
   137.91
   119.52
    97.43
    70.81
    41.10
     8.13
   -24.36
   -56.18
   -88.36
  -120.10
  -148.31
  -171.74
  -189.39
  -203.58
  -209.84
  -212.22
  -209.15
  -200.65
  -188.68
  -172.64
  -151.24
  -126.43
   -96.13
   -65.57
   -34.29
    -1.32
    31.93
    63.35
    91.24
   115.25
   134.47
   149.04
   161.48
   167.98
   170.89
   166.46
   154.98
   140.57
   122.25
   102.32
    79.80
    55.44
    29.97
     2.30
   -25.35
   -52.13
   -77.05
   -98.28
  -114.31
  -128.32
  -138.59
  -145.97
  -149.36
  -146.81
  -141.16
  -132.45
  -120.37
  -103.41
   -81.94
   -57.99
   -34.08
    -9.17
    18.05
    44.08
    70.18
    92.86
   114.25
   134.01
   150.37
   163.17
   170.98
   174.10
   170.23
   163.55
   150.84
   132.15
   109.87
    86.66
    62.49
    35.92
     9.43
   -15.91
   -38.56
   -62.23
   -84.90
  -103.56
  -116.99
  -127.19
  -134.21
  -137.42
  -138.32
  -133.86
  -124.12
  -109.96
   -93.33
   -71.57
   -45.70
   -18.57
     6.81
    30.01
    53.56
    76.15
    95.60
   111.93
   123.34
   131.55
   135.23
   137.19
   133.78
   126.75
   117.56
   102.82
    85.56
    63.53
    40.30
    14.75
   -13.18
   -40.58
   -65.59
   -89.06
  -112.11
  -133.15
  -152.13
  -167.15
  -174.94
  -175.95
  -172.47
  -161.66
  -146.16
  -128.86
  -106.62
   -83.55
   -60.57
   -34.66
    -8.96
    15.00
    37.76
    60.85
    83.96
   105.84
   126.02
   144.34
   160.51
   171.31
   177.11
   178.78
   174.62
   167.55
   157.26
   143.88
   124.55
   101.76
    76.52
    50.57
    21.01
    -7.39
   -33.78
   -59.03
   -84.44
  -108.94
  -132.21
  -151.16
  -165.87
  -177.34
  -184.06
  -183.65
  -178.61
  -168.72
  -153.80
  -133.93
  -108.19
   -81.46
   -53.57
   -22.97
     9.21
    40.45
    69.44
    96.39
   120.30
   142.32
   160.35
   173.47
   183.80
   191.05
   192.38
   186.73
   174.79
   157.81
   137.37
   113.08
    83.76
    51.29
    19.25
   -15.50
   -47.90
   -79.89
  -110.02
  -135.62
  -155.32
  -172.44
  -186.07
  -194.47
  -199.19
  -197.02
  -187.70
  -174.78
  -155.11
  -132.54
  -108.51
   -80.14
   -48.17
   -12.67
    22.26
    57.53
    92.90
   127.18
   157.48
   183.14
   202.76
   218.81
   227.65
   231.51
   229.14
   218.13
   201.88
   179.47
   150.70
   118.20
    82.76
    44.03
     3.49
   -38.95
   -78.45
  -115.97
  -150.96
  -180.44
  -205.32
  -226.17
  -241.77
  -252.63
  -254.38
  -246.83
  -230.48
  -207.68
  -180.89
  -147.81
  -108.90
   -67.72
   -22.53
    24.84
    68.99
   111.30
   152.29
   186.41
   215.43
   239.54
   255.14
   261.63
   259.94
   250.37
   233.06
   211.26
   181.99
   146.66
   107.75
    67.21
    23.29
   -21.73
   -67.96
  -113.54
  -155.82
  -192.88
  -225.08
  -252.42
  -273.42
  -286.61
  -290.53
  -286.04
  -275.10
  -257.06
  -233.06
  -204.19
  -169.95
  -129.11
   -84.13
   -34.94
    16.94
    69.56
   118.24
   161.51
   200.16
   230.38
   253.33
   270.59
   278.54
   279.89
   272.19
   258.33
   235.83
   205.39
   170.96
   133.22
    94.02
    50.82
     4.14
   -44.73
   -91.11
  -134.57
  -173.19
  -207.20
  -234.54
  -255.79
  -270.24
  -277.87
  -279.45
  -270.77
  -255.14
  -233.57
  -206.00
  -172.71
  -132.62
   -89.09
   -42.42
     5.02
    52.66
    96.79
   137.42
   174.25
   207.74
   234.93
   257.21
   270.12
   276.13
   273.60
   262.12
   244.59
   219.09
   188.88
   150.73
   107.52
    61.10
    14.98
   -32.59
   -78.96
  -123.37
  -166.47
  -206.64
  -240.55
  -269.44
  -288.86
  -301.20
  -306.65
  -301.47
  -286.93
  -263.99
  -231.65
  -191.23
  -144.38
   -93.66
   -41.52
    11.03
    60.77
   106.50
   151.42
   193.48
   230.51
   260.58
   282.66
   296.26
   301.47
   299.09
   287.28
   268.80
   241.33
   207.33
   166.09
   120.82
    70.99
    19.48
   -30.66
   -78.66
  -122.93
  -162.59
  -196.03
  -222.01
  -243.64
  -255.72
  -261.14
  -261.03
  -252.80
  -238.98
  -217.77
  -191.16
  -158.97
  -123.24
   -86.02
   -45.65
    -6.21
    32.98
    72.09
   106.70
   140.29
   168.47
   189.60
   204.39
   212.04
   215.27
   212.67
   203.58
   188.49
   168.90
   145.65
   116.28
    83.31
    48.06
     9.44
   -26.99
   -62.13
   -95.32
  -125.17
  -152.22
  -175.83
  -195.87
  -209.47
  -218.89
  -222.73
  -218.97
  -211.18
  -197.74
  -179.12
  -153.12
  -121.68
   -85.72
   -47.80
    -9.09
    31.02
    69.97
   109.01
   145.89
   178.45
   207.48
   231.73
   247.94
   255.38
   255.01
   245.74
   227.50
   200.24
   167.89
   132.79
    92.37
    46.91
    -0.86
   -47.84
   -95.48
  -137.80
  -176.98
  -210.57
  -239.40
  -258.66
  -272.39
  -276.16
  -269.49
  -254.88
  -230.94
  -202.21
  -169.78
  -130.77
   -87.50
   -44.08
    -0.56
    44.08
    86.40
   126.30
   161.88
   192.06
   218.29
   239.27
   251.56
   254.37
   249.29
   234.54
   214.77
   191.22
   161.33
   127.45
    91.62
    53.43
    14.21
   -26.94
   -68.85
  -109.58
  -144.91
  -176.08
  -200.53
  -219.58
  -234.48
  -241.89
  -242.97
  -238.95
  -228.41
  -210.76
  -185.26
  -153.29
  -119.25
   -82.51
   -42.38
    -2.88
    36.94
    78.02
   117.46
   154.55
   184.78
   207.27
   221.43
   228.36
   231.00
   228.64
   221.65
   209.31
   190.50
   164.27
   133.73
   100.85
    64.26
    25.29
   -14.34
   -53.65
   -92.32
  -128.56
  -163.29
  -192.27
  -217.72
  -234.81
  -246.66
  -250.12
  -248.16
  -240.92
  -228.54
  -208.77
  -182.97
  -150.44
  -113.61
   -74.33
   -30.64
    11.72
    53.77
    93.45
   129.42
   159.86
   185.28
   203.71
   217.26
   222.95
   223.93
   217.98
   205.88
   189.03
   168.92
   144.55
   116.77
    87.33
    53.41
    15.90
   -23.27
   -61.23
   -95.73
  -127.03
  -155.52
  -181.69
  -200.43
  -214.89
  -225.13
  -228.83
  -223.52
  -211.33
  -191.96
  -165.44
  -133.78
   -99.00
   -62.90
   -27.14
    10.79
    49.76
    85.00
   119.23
   149.68
   174.26
   194.27
   209.30
   215.82
   218.00
   212.23
   199.55
   182.92
   162.11
   136.29
   105.01
    68.63
    32.37
    -6.45
   -42.98
   -80.10
  -114.11
  -144.25
  -171.82
  -192.72
  -208.63
  -219.00
  -221.59
  -218.35
  -209.09
  -195.13
  -175.39
  -149.79
  -119.11
   -87.26
   -53.96
   -18.71
    16.93
    49.80
    80.92
   111.75
   140.79
   167.03
   187.91
   204.02
   211.81
   215.33
   214.63
   209.45
   198.53
   180.59
   155.54
   127.72
    95.49
    60.01
    21.05
   -17.97
   -56.18
   -91.98
  -122.99
  -151.69
  -174.40
  -192.90
  -207.14
  -215.16
  -215.13
  -208.77
  -194.36
  -175.46
  -151.45
  -123.90
   -91.37
   -56.40
   -21.78
    13.00
    46.45
    79.11
   107.48
   132.40
   152.98
   170.66
   184.74
   191.60
   193.76
   188.88
   176.40
   156.91
   131.21
   101.64
    69.87
    35.39
     0.12
   -34.83
   -70.43
  -102.11
  -128.83
  -152.05
  -171.13
  -185.16
  -194.49
  -200.31
  -198.00
  -192.14
  -179.27
  -160.85
  -139.26
  -112.10
   -83.48
   -53.95
   -23.36
     9.45
    39.65
    70.22
   101.08
   128.12
   152.28
   171.09
   182.78
   189.02
   190.43
   184.84
   171.68
   152.02
   127.40
   100.65
    70.57
    40.29
     8.49
   -22.82
   -51.01
   -75.46
  -100.10
  -120.48
  -138.13
  -151.59
  -158.18
  -158.48
  -152.67
  -143.42
  -132.05
  -116.53
   -98.20
   -75.59
   -51.90
   -28.88
    -4.71
    21.82
    45.95
    69.79
    90.10
   105.28
   118.35
   128.96
   136.02
   140.32
   141.56
   137.89
   131.02
   117.84
   100.28
    77.46
    52.72
    28.66
     3.17
   -23.14
   -49.79
   -76.23
  -101.21
  -123.75
  -142.05
  -155.90
  -166.64
  -173.17
  -174.19
  -168.51
  -157.04
  -142.42
  -124.36
  -103.94
   -80.71
   -55.84
   -31.71
    -8.02
    15.51
    37.72
    58.94
    80.41
   100.27
   119.39
   137.09
   151.01
   159.75
   164.58
   165.37
   159.47
   150.23
   136.15
   120.23
    98.70
    74.91
    48.25
    18.21
   -14.10
   -48.02
   -81.27
  -112.55
  -139.63
  -161.83
  -177.54
  -188.95
  -196.28
  -199.06
  -195.91
  -185.75
  -169.36
  -146.90
  -118.94
   -88.50
   -56.45
   -23.64
     9.47
    44.18
    79.97
   113.69
   146.02
   174.80
   195.98
   211.89
   221.52
   226.37
   222.10
   213.65
   198.43
   179.53
   154.11
   124.11
    91.80
    57.55
    22.44
   -12.84
   -46.89
   -81.84
  -116.66
  -147.74
  -172.71
  -191.38
  -205.20
  -215.09
  -219.45
  -217.48
  -210.34
  -195.80
  -173.15
  -147.60
  -119.38
   -85.70
   -49.20
   -13.46
    21.40
    56.47
    88.78
   119.54
   148.83
   175.92
   197.47
   213.94
   224.53
   228.50
   224.80
   215.11
   199.01
   176.25
   147.63
   113.95
    78.02
    39.73
    -0.87
   -39.98
   -77.89
  -112.90
  -142.58
  -166.56
  -184.33
  -194.79
  -197.76
  -193.65
  -184.73
  -171.17
  -153.54
  -131.86
  -107.31
   -79.36
   -47.18
   -11.97
    21.13
    51.72
    81.79
   110.09
   135.31
   156.06
   172.12
   183.18
   186.39
   182.38
   171.63
   155.53
   136.63
   114.64
    89.76
    60.16
    26.76
    -9.37
   -42.80
   -75.51
  -105.37
  -131.18
  -152.74
  -168.38
  -178.54
  -183.17
  -182.10
  -174.12
  -163.49
  -146.60
  -124.74
   -99.20
   -73.28
   -46.83
   -17.86
    12.15
    42.49
    73.98
   104.03
   132.17
   157.96
   179.56
   196.22
   207.73
   215.35
   217.25
   213.64
   201.66
   186.15
   166.68
   142.92
   114.26
    81.11
    47.52
    11.80
   -23.86
   -59.80
   -92.27
  -124.13
  -154.34
  -181.09
  -202.08
  -214.84
  -222.86
  -226.61
  -221.66
  -212.55
  -196.87
  -173.30
  -142.57
  -110.07
   -76.27
   -40.46
    -4.10
    30.20
    61.51
    92.55
   122.24
   147.48
   169.14
   183.63
   190.78
   191.91
   186.25
   173.83
   156.90
   134.13
   105.54
    71.71
    37.40
     2.87
   -32.09
   -64.97
   -94.29
  -121.53
  -146.52
  -166.98
  -181.50
  -189.48
  -189.92
  -184.77
  -172.98
  -154.32
  -133.50
  -108.16
   -79.96
   -48.50
   -14.73
    19.45
    54.02
    85.79
   112.49
   134.29
   153.43
   169.41
   181.09
   189.63
   191.81
   190.67
   186.22
   176.64
   163.02
   142.68
   115.91
    86.83
    53.39
    18.76
   -15.90
   -48.10
   -80.00
  -109.41
  -134.92
  -156.28
  -172.65
  -183.07
  -188.57
  -189.53
  -182.83
  -169.64
  -152.63
  -131.02
  -106.17
   -77.67
   -47.48
   -16.16
    16.58
    48.48
    80.29
   110.63
   136.88
   157.13
   172.74
   181.00
   186.33
   186.06
   178.98
   166.39
   149.93
   130.83
   105.99
    80.31
    53.49
    26.59
    -0.48
   -27.55
   -52.86
   -75.70
   -94.81
  -112.82
  -125.82
  -135.42
  -140.61
  -139.21
  -134.91
  -124.35
  -112.66
   -95.74
   -73.85
   -52.17
   -27.13
     0.50
    29.21
    57.14
    80.83
   103.29
   121.72
   137.15
   148.12
   155.24
   158.22
   157.54
   151.31
   141.68
   126.46
   107.49
    85.93
    59.43
    33.44
     5.37
   -24.01
   -50.68
   -75.48
   -98.40
  -119.94
  -138.80
  -153.12
  -161.28
  -163.95
  -160.26
  -149.70
  -136.81
  -119.45
   -98.44
   -74.43
   -46.83
   -17.32
    12.02
    39.27
    64.06
    85.91
   105.86
   124.62
   142.15
   156.02
   164.01
   165.76
   165.07
   159.06
   147.89
   134.23
   117.81
    98.98
    78.75
    55.80
    30.25
     5.33
   -19.57
   -43.75
   -68.76
   -90.33
  -111.24
  -127.92
  -140.80
  -147.24
  -151.45
  -149.23
  -140.46
  -130.10
  -115.35
   -98.90
   -80.82
   -61.81
   -39.25
   -17.79
     2.41
    24.77
    47.64
    69.67
    88.46
   102.45
   115.72
   127.32
   134.85
   136.41
   136.37
   131.61
   120.56
   104.45
    86.22
    67.76
    47.83
    24.51
    -1.80
   -30.05
   -54.97
   -78.13
   -97.70
  -114.02
  -124.78
  -133.50
  -139.16
  -138.54
  -135.12
  -129.79
  -119.74
  -105.74
   -87.17
   -67.67
   -44.72
   -20.47
     1.88
    23.33
    42.76
    62.61
    79.98
    96.05
   110.09
   121.70
   127.90
   130.97
   132.37
   130.33
   124.81
   117.68
   109.05
    95.88
    77.67
    58.72
    39.42
    20.17
    -1.55
   -21.17
   -42.26
   -63.41
   -82.88
   -98.30
  -109.55
  -119.24
  -123.49
  -123.14
  -117.29
  -108.39
   -97.33
   -84.07
   -69.70
   -50.88
   -32.90
   -12.93
     5.22
    25.19
    43.05
    61.22
    76.82
    92.40
   106.32
   116.26
   122.15
   124.20
   120.33
   111.73
    99.31
    83.66
    66.24
    46.95
    25.56
     4.99
   -16.40
   -37.52
   -57.08
   -74.20
   -87.13
   -96.05
  -101.99
  -104.23
  -105.19
  -102.86
   -96.16
   -88.14
   -76.30
   -62.72
   -48.35
   -30.77
   -14.03
     0.90
    16.23
    30.36
    45.10
    56.14
    63.58
    68.59
    69.24
    68.31
    63.22
    58.41
    52.14
    43.46
    33.85
    23.69
    14.08
     5.75
    -1.59
    -9.48
   -16.27
   -24.48
   -31.06
   -35.15
   -39.64
   -41.60
   -42.74
   -40.60
   -37.00
   -30.04
   -21.38
   -10.61
    -0.70
    10.42
    22.04
    30.76
    40.64
    50.86
    57.96
    63.46
    68.35
    71.05
    73.36
    74.68
    73.00
    67.08
    58.32
    46.60
    32.79
    17.47
    -0.44
   -19.87
   -36.75
   -53.65
   -68.73
   -81.17
   -90.34
   -98.08
  -101.93
  -101.81
   -98.71
   -92.18
   -82.37
   -67.90
   -53.40
   -38.40
   -24.63
   -12.22
     3.01
    19.01
    36.28
    53.74
    71.17
    84.67
    98.08
   108.08
   113.95
   114.90
   110.23
   103.76
    95.00
    84.92
    73.80
    58.44
    39.55
    18.79
    -3.71
   -24.95
   -43.18
   -60.24
   -77.95
   -94.22
  -105.31
  -112.13
  -113.67
  -110.91
  -104.96
   -95.38
   -81.08
   -63.86
   -42.79
   -19.71
     1.42
    22.75
    43.07
    61.96
    80.22
    96.26
   110.42
   121.90
   131.13
   135.18
   133.36
   126.61
   118.18
   107.24
    91.76
    71.31
    50.92
    28.28
     3.93
   -19.56
   -39.97
   -57.65
   -74.77
   -89.24
  -102.46
  -112.36
  -120.92
  -127.88
  -131.10
  -131.76
  -130.88
  -126.78
  -117.30
  -102.10
   -82.90
   -63.23
   -41.85
   -17.74
     5.31
    28.66
    49.74
    67.68
    81.75
    95.71
   106.18
   113.91
   118.67
   118.70
   113.39
   106.91
    95.25
    81.70
    66.19
    50.63
    32.22
    12.47
    -7.04
   -24.66
   -39.43
   -52.86
   -65.37
   -76.49
   -84.23
   -89.28
   -92.95
   -95.95
   -95.89
   -93.78
   -87.72
   -77.74
   -67.19
   -55.46
   -42.88
   -27.05
   -11.67
     6.33
    22.64
    40.57
    57.23
    73.80
    90.14
   103.05
   111.21
   117.65
   118.84
   114.52
   106.36
    95.76
    81.01
    64.20
    47.12
    27.47
     5.31
   -18.41
   -42.77
   -66.57
   -89.98
  -108.27
  -123.56
  -133.26
  -139.03
  -139.21
  -134.98
  -126.40
  -112.91
   -94.20
   -73.88
   -50.97
   -24.22
     5.41
    32.47
    58.82
    85.37
   111.74
   133.53
   149.82
   161.92
   170.57
   175.86
   174.87
   170.74
   159.66
   144.36
   123.24
    96.20
    68.58
    39.48
     9.63
   -18.91
   -45.07
   -70.24
   -91.27
  -109.78
  -127.48
  -140.80
  -147.65
  -152.15
  -149.79
  -144.30
  -136.73
  -125.44
  -109.36
   -92.24
   -71.90
   -50.73
   -29.58
    -6.02
    19.85
    47.35
    71.31
    95.54
   118.26
   135.49
   150.37
   161.80
   166.46
   166.90
   163.69
   156.53
   147.26
   131.82
   112.40
    90.10
    67.66
    43.56
    19.36
    -5.83
   -28.51
   -50.69
   -72.17
   -90.14
  -106.08
  -119.14
  -129.96
  -137.92
  -139.79
  -137.53
  -131.93
  -124.83
  -115.60
  -103.93
   -91.04
   -74.94
   -56.25
   -35.67
   -12.03
    10.42
    31.27
    50.70
    70.30
    86.22
   101.08
   112.64
   120.01
   122.84
   123.42
   119.40
   112.85
   101.96
    89.04
    73.53
    57.66
    38.00
    16.89
    -5.44
   -25.31
   -42.83
   -59.86
   -76.78
   -93.36
  -109.58
  -122.94
  -131.03
  -134.23
  -134.16
  -132.54
  -128.93
  -121.10
  -107.56
   -90.57
   -71.97
   -49.55
   -23.24
     5.03
    34.17
    59.76
    81.71
    99.71
   115.61
   129.21
   138.83
   144.56
   146.81
   142.53
   132.51
   118.56
    99.63
    79.28
    54.32
    28.19
     3.35
   -20.35
   -43.00
   -64.72
   -83.40
   -99.19
  -110.27
  -120.29
  -128.22
  -131.73
  -133.63
  -129.95
  -124.76
  -114.99
  -100.24
   -84.76
   -69.15
   -50.49
   -31.52
    -9.65
    10.82
    29.31
    46.67
    60.40
    71.10
    77.85
    84.58
    87.71
    89.97
    89.52
    88.08
    81.98
    71.70
    58.64
    41.51
    21.94
     3.59
   -14.87
   -34.07
   -53.07
   -68.53
   -81.60
   -92.12
  -102.40
  -107.54
  -111.26
  -112.09
  -109.86
  -101.97
   -91.01
   -77.64
   -61.53
   -43.07
   -24.86
    -5.25
    13.52
    29.50
    44.58
    57.43
    69.45
    80.45
    87.64
    91.89
    95.72
    98.37
    97.42
    95.75
    90.45
    80.64
    70.66
    56.67
    42.32
    28.26
    11.64
    -5.74
   -23.53
   -40.37
   -53.66
   -67.73
   -82.02
   -91.70
   -96.20
   -97.65
   -95.62
   -90.49
   -84.88
   -75.99
   -62.69
   -45.54
   -26.92
    -6.24
    13.04
    34.35
    52.59
    67.75
    81.76
    94.64
   105.93
   113.88
   116.18
   112.67
   103.95
    93.28
    78.40
    59.25
    40.60
    22.68
     2.97
   -15.52
   -32.12
   -45.47
   -59.94
   -74.19
   -85.08
   -92.64
   -98.63
  -103.54
  -104.59
  -103.83
   -97.93
   -86.94
   -73.53
   -59.39
   -45.19
   -30.78
   -15.30
     0.16
    16.15
    33.56
    49.93
    66.69
    81.00
    91.07
    96.79
    99.00
    98.37
    96.79
    90.13
    80.32
    68.60
    52.60
    35.94
    19.43
     2.37
   -14.17
   -29.20
   -41.97
   -51.33
   -57.05
   -58.99
   -61.09
   -62.55
   -61.59
   -59.21
   -53.40
   -44.40
   -35.06
   -25.32
   -16.97
    -9.32
    -0.11
     6.78
    12.69
    18.39
    24.55
    30.56
    36.37
    43.60
    51.79
    58.78
    65.92
    71.67
    73.66
    73.28
    69.68
    63.73
    54.30
    45.18
    33.85
    20.58
     4.23
   -12.84
   -28.29
   -45.05
   -62.79
   -77.60
   -91.33
  -101.13
  -109.96
  -116.77
  -121.52
  -121.40
  -120.04
  -115.85
  -107.10
   -96.44
   -84.34
   -67.90
   -51.31
   -33.67
   -14.04
     7.24
    30.12
    53.68
    75.58
    94.74
   112.33
   126.28
   137.19
   143.84
   146.93
   147.75
   143.21
   132.75
   116.95
    96.13
    73.20
    50.02
    27.11
     4.03
   -20.81
   -46.40
   -72.71
   -98.25
  -121.41
  -141.54
  -159.45
  -173.19
  -183.20
  -187.76
  -187.06
  -179.94
  -166.85
  -150.12
  -128.73
  -105.11
   -80.69
   -53.61
   -25.14
     3.76
    33.84
    62.44
    91.50
   117.27
   140.39
   161.56
   179.46
   191.69
   196.98
   197.94
   195.16
   185.68
   169.37
   148.66
   123.89
    94.71
    63.01
    31.84
    -2.12
   -38.25
   -73.53
  -107.58
  -140.02
  -169.68
  -193.06
  -208.87
  -220.91
  -227.09
  -228.52
  -221.39
  -205.98
  -183.26
  -156.85
  -124.90
   -88.27
   -47.94
    -6.05
    33.67
    74.20
   113.16
   148.56
   181.32
   210.80
   235.58
   251.26
   259.79
   261.93
   257.63
   247.16
   226.95
   200.75
   167.54
   131.85
    90.24
    45.58
    -2.44
   -49.67
   -96.15
  -138.86
  -179.27
  -214.25
  -241.09
  -260.27
  -271.17
  -271.90
  -262.63
  -245.57
  -220.86
  -187.46
  -147.91
  -103.22
   -54.59
    -6.28
    44.09
    93.99
   140.90
   184.59
   221.49
   254.11
   279.64
   298.74
   307.28
   308.42
   301.02
   284.04
   258.47
   226.54
   186.95
   141.65
    91.18
    39.25
   -15.17
   -71.48
  -124.31
  -175.17
  -220.51
  -257.27
  -288.44
  -312.26
  -328.12
  -332.52
  -328.26
  -315.44
  -291.60
  -259.47
  -221.87
  -177.99
  -128.73
   -73.72
   -17.27
    37.17
    92.03
   145.44
   193.33
   235.05
   269.89
   298.14
   319.11
   331.40
   333.18
   324.65
   305.51
   279.63
   245.08
   203.43
   153.88
    99.05
    42.86
   -13.45
   -70.55
  -124.43
  -176.81
  -223.02
  -262.73
  -293.00
  -315.22
  -325.73
  -327.55
  -318.98
  -301.68
  -275.69
  -242.71
  -205.16
  -159.75
  -108.75
   -52.20
     5.99
    64.69
   119.04
   172.01
   220.66
   260.71
   292.54
   316.67
   333.47
   342.05
   341.69
   332.56
   313.36
   285.33
   250.65
   206.97
   158.61
   106.23
    53.22
    -0.97
   -57.05
  -108.87
  -157.44
  -198.85
  -233.95
  -259.96
  -276.54
  -286.51
  -287.49
  -281.27
  -268.17
  -244.83
  -216.50
  -183.36
  -145.73
  -104.93
   -60.73
   -14.75
    32.53
    76.42
   116.13
   152.27
   184.98
   210.48
   229.92
   242.37
   247.01
   242.52
   229.18
   208.83
   182.75
   152.56
   115.94
    76.08
    34.69
    -8.71
   -53.18
   -98.49
  -140.90
  -177.61
  -207.80
  -231.71
  -248.56
  -259.23
  -264.44
  -259.75
  -247.08
  -227.12
  -198.62
  -162.25
  -122.77
   -77.80
   -31.35
    14.66
    60.68
   107.23
   151.43
   190.00
   225.41
   256.57
   282.43
   302.27
   314.24
   314.61
   306.50
   290.85
   267.18
   234.91
   195.25
   149.68
   100.98
    47.33
    -7.88
   -63.81
  -116.45
  -166.69
  -210.79
  -249.65
  -280.27
  -303.81
  -316.63
  -317.73
  -309.39
  -291.42
  -266.90
  -233.36
  -191.60
  -145.87
   -97.21
   -44.17
     8.45
    58.82
   109.12
   156.57
   200.06
   238.84
   270.34
   295.73
   311.60
   318.35
   316.32
   304.52
   284.67
   257.10
   221.85
   177.96
   126.93
    71.88
    15.80
   -41.35
   -98.91
  -153.19
  -202.24
  -245.57
  -281.09
  -310.50
  -331.02
  -339.56
  -339.40
  -327.48
  -306.38
  -275.29
  -235.69
  -190.21
  -140.99
   -86.20
   -29.61
    28.54
    84.64
   137.24
   184.60
   228.42
   267.77
   298.81
   319.54
   330.30
   333.57
   328.09
   312.61
   288.52
   255.82
   215.24
   168.96
   118.83
    66.87
    13.19
   -38.65
   -87.10
  -134.57
  -178.70
  -217.99
  -248.63
  -273.19
  -292.04
  -303.84
  -309.13
  -305.62
  -291.06
  -269.63
  -239.44
  -201.80
  -160.62
  -114.21
   -65.44
   -12.70
    39.57
    90.72
   140.06
   186.76
   225.83
   259.35
   284.01
   300.56
   305.86
   301.97
   287.66
   264.38
   232.04
   193.09
   148.49
    99.66
    49.54
    -3.28
   -54.01
  -101.02
  -143.15
  -179.47
  -211.57
  -237.60
  -256.49
  -266.93
  -269.20
  -263.02
  -246.66
  -222.41
  -191.15
  -156.40
  -115.10
   -68.52
   -20.35
    26.33
    71.14
   114.49
   152.59
   185.77
   211.03
   230.73
   246.07
   252.37
   252.19
   244.30
   227.68
   206.38
   178.25
   147.23
   109.83
    70.32
    26.99
   -17.13
   -61.52
  -106.10
  -147.68
  -185.65
  -216.84
  -239.68
  -253.41
  -257.85
  -252.89
  -238.42
  -216.42
  -190.11
  -157.22
  -118.54
   -75.29
   -28.54
    19.01
    68.09
   116.24
   158.70
   196.52
   229.95
   254.43
   269.37
   275.19
   272.21
   259.17
   240.38
   215.33
   185.51
   150.69
   112.91
    70.54
    27.08
   -14.85
   -57.00
   -96.72
  -134.08
  -165.50
  -194.47
  -216.40
  -233.22
  -243.23
  -245.22
  -239.91
  -228.58
  -208.10
  -181.62
  -151.97
  -117.04
   -76.79
   -36.11
     4.56
    44.70
    85.36
   121.68
   154.39
   182.74
   207.67
   226.37
   237.73
   243.55
   243.57
   238.57
   224.38
   203.18
   176.69
   147.25
   114.48
    77.70
    37.43
    -4.01
   -45.70
   -87.01
  -126.00
  -163.70
  -194.34
  -221.15
  -240.93
  -256.07
  -265.89
  -268.78
  -262.39
  -247.48
  -226.70
  -198.81
  -165.78
  -126.33
   -85.70
   -41.97
     1.22
    41.90
    79.93
   118.02
   151.33
   181.58
   207.70
   229.45
   246.64
   254.51
   254.47
   249.37
   236.87
   216.46
   191.83
   162.08
   129.87
    94.12
    56.19
    16.20
   -22.63
   -58.44
   -94.51
  -125.77
  -153.13
  -174.45
  -189.90
  -200.36
  -204.24
  -200.38
  -190.47
  -176.70
  -159.49
  -136.71
  -107.67
   -75.26
   -40.12
    -4.06
    31.03
    65.28
    99.98
   133.33
   163.88
   190.59
   213.32
   231.12
   244.57
   251.84
   250.23
   241.52
   225.03
   203.95
   174.59
   141.55
   106.74
    66.79
    25.51
   -14.60
   -55.18
   -95.44
  -133.23
  -167.14
  -197.75
  -222.17
  -240.51
  -250.71
  -251.21
  -242.33
  -225.12
  -198.90
  -168.46
  -134.27
   -98.10
   -59.10
   -20.53
    18.01
    58.26
    94.45
   127.67
   158.78
   185.70
   205.69
   217.32
   221.23
   217.99
   209.85
   197.11
   176.68
   152.88
   125.65
    95.19
    60.41
    22.28
   -18.40
   -57.92
   -96.47
  -134.47
  -167.68
  -194.99
  -216.92
  -230.47
  -237.61
  -236.49
  -226.78
  -210.39
  -189.17
  -161.48
  -131.09
   -95.75
   -56.00
   -16.24
    22.04
    60.33
    96.87
   128.96
   155.03
   178.94
   196.81
   210.78
   216.82
   216.78
   211.77
   202.03
   186.59
   165.43
   141.82
   114.10
    83.66
    51.22
    16.10
   -21.72
   -56.86
   -88.51
  -119.81
  -145.11
  -165.00
  -179.85
  -190.93
  -196.19
  -195.43
  -186.72
  -171.58
  -152.41
  -127.62
   -97.51
   -62.69
   -27.34
     9.10
    45.49
    80.34
   114.49
   146.65
   176.32
   199.20
   214.11
   221.52
   223.02
   219.09
   209.89
   193.14
   172.95
   149.64
   121.05
    91.32
    60.52
    29.17
    -0.82
   -28.55
   -53.34
   -76.01
   -97.83
  -119.19
  -136.45
  -148.11
  -154.15
  -157.32
  -154.28
  -144.50
  -132.60
  -118.76
  -102.74
   -83.30
   -59.85
   -34.07
    -6.31
    22.01
    48.67
    73.88
    96.83
   116.03
   129.81
   141.77
   149.75
   154.98
   157.71
   154.88
   146.72
   135.00
   120.91
   100.92
    79.87
    54.18
    26.65
    -1.12
   -27.45
   -51.64
   -75.82
   -96.00
  -112.68
  -127.88
  -139.79
  -146.00
  -150.39
  -149.52
  -144.16
  -134.59
  -118.93
   -97.70
   -71.52
   -44.60
   -16.99
    13.14
    43.49
    72.62
    99.83
   124.16
   144.67
   162.83
   173.78
   177.77
   178.62
   176.19
   166.14
   152.65
   135.17
   112.93
    87.37
    59.06
    27.70
    -2.72
   -32.27
   -61.29
   -87.17
  -111.14
  -131.55
  -148.42
  -161.28
  -169.51
  -174.80
  -172.84
  -168.25
  -161.21
  -148.28
  -132.07
  -111.87
   -90.56
   -66.30
   -38.20
    -7.44
    21.03
    50.11
    77.49
   103.73
   129.09
   148.34
   165.54
   178.51
   184.78
   185.09
   180.73
   172.07
   159.35
   141.67
   122.25
   100.74
    76.10
    50.17
    21.97
    -8.23
   -36.62
   -63.65
   -90.15
  -113.94
  -134.82
  -152.47
  -166.56
  -176.49
  -180.56
  -179.03
  -170.80
  -155.70
  -133.62
  -110.01
   -82.34
   -54.53
   -23.96
     5.39
    36.24
    64.94
    94.17
   122.01
   148.26
   170.41
   185.34
   195.38
   200.70
   201.22
   195.95
   184.03
   164.71
   143.02
   116.66
    86.04
    51.56
    13.45
   -22.64
   -60.47
   -95.25
  -129.02
  -158.39
  -181.56
  -198.77
  -212.43
  -217.96
  -215.67
  -205.11
  -189.47
  -166.21
  -138.97
  -108.30
   -73.88
   -35.66
     5.24
    46.09
    85.49
   123.09
   156.09
   186.41
   209.12
   226.53
   238.69
   241.63
   239.88
   230.41
