 -1.348
 -1.348
 -1.341
 -1.320
 -1.281
 -1.215
 -1.094
 -0.863
 -0.429
  0.187
  0.630
  0.835
  0.914
  0.939
  0.949
  0.986
  1.037
  1.103
  1.160
  1.194
  1.218
  1.222
  1.201
  1.141
  0.985
  0.618
 -0.027
 -0.507
 -0.651
 -0.566
 -0.270
  0.196
  0.560
  0.714
  0.717
  0.560
  0.203
 -0.227
 -0.537
 -0.663
 -0.638
 -0.542
 -0.378
 -0.200
 -0.070
 -0.015
 -0.030
 -0.067
 -0.049
  0.100
  0.366
  0.605
  0.757
  0.811
  0.793
  0.736
  0.628
  0.549
  0.519
  0.560
  0.645
  0.782
  0.882
  0.949
  0.981
  0.999
  1.021
  1.063
  1.117
  1.164
  1.200
  1.211
  1.205
  1.177
  1.116
  0.988
  0.697
  0.063
 -0.624
 -0.921
 -1.033
 -1.044
 -0.994
 -0.915
 -0.855
 -0.840
 -0.892
 -0.939
 -0.984
 -1.019
 -1.049
 -1.076
 -1.093
 -1.111
 -1.128
 -1.145
 -1.161
 -1.176
 -1.179
 -1.183
 -1.182
 -1.192
 -1.207
 -1.229
 -1.242
 -1.236
 -1.195
 -1.085
 -0.805
 -0.202
  0.481
  0.825
  0.971
  1.042
  1.071
  1.063
  1.009
  0.895
  0.700
  0.529
  0.485
  0.579
  0.728
  0.857
  0.955
  1.024
  1.047
  1.034
  0.988
  0.903
  0.805
  0.725
  0.674
  0.670
  0.683
  0.660
  0.568
  0.366
  0.088
 -0.229
 -0.427
 -0.579
 -0.656
 -0.717
 -0.757
 -0.812
 -0.849
 -0.865
 -0.826
 -0.731
 -0.628
 -0.573
 -0.612
 -0.690
 -0.755
 -0.773
 -0.748
 -0.671
 -0.580
 -0.554
 -0.578
 -0.614
 -0.614
 -0.581
 -0.432
 -0.194
  0.127
  0.407
  0.602
  0.707
  0.770
  0.841
  0.944
  1.041
  1.112
  1.151
  1.146
  1.080
  0.913
  0.545
 -0.028
 -0.493
 -0.707
 -0.771
 -0.737
 -0.587
 -0.300
  0.091
  0.434
  0.647
  0.709
  0.646
  0.467
  0.139
 -0.308
 -0.690
 -0.934
 -1.066
 -1.141
 -1.175
 -1.179
 -1.164
 -1.130
 -1.097
 -1.087
 -1.115
 -1.160
 -1.203
 -1.218
 -1.200
 -1.130
 -0.977
 -0.613
  0.085
  0.676
  0.942
  1.068
  1.122
  1.133
  1.098
  1.021
  0.859
  0.548
  0.017
 -0.481
 -0.742
 -0.837
 -0.776
 -0.505
  0.107
  0.744
  1.060
  1.189
  1.237
  1.237
  1.189
  1.086
  0.881
  0.506
 -0.017
 -0.406
 -0.623
 -0.716
 -0.738
 -0.730
 -0.735
 -0.743
 -0.765
 -0.769
 -0.728
 -0.676
 -0.633
 -0.599
 -0.636
 -0.730
 -0.841
 -0.911
 -0.948
 -0.947
 -0.931
 -0.946
 -1.022
 -1.122
 -1.212
 -1.267
 -1.291
 -1.288
 -1.254
 -1.170
 -0.964
 -0.320
  0.662
  1.073
  1.202
  1.250
  1.256
  1.242
  1.220
  1.202
  1.185
  1.172
  1.157
  1.136
  1.097
  1.051
  0.995
  0.907
  0.799
  0.669
  0.592
  0.612
  0.655
  0.704
  0.672
  0.563
  0.367
  0.037
 -0.375
 -0.732
 -0.972
 -1.119
 -1.201
 -1.242
 -1.258
 -1.252
 -1.235
 -1.200
 -1.168
 -1.140
 -1.110
 -1.090
 -1.070
 -1.045
 -0.996
 -0.930
 -0.833
 -0.714
 -0.550
 -0.337
 -0.048
  0.301
  0.657
  0.923
  1.070
  1.133
  1.148
  1.137
  1.096
  1.054
  1.036
  1.067
  1.128
  1.196
  1.244
  1.276
  1.292
  1.294
  1.285
  1.258
  1.196
  1.067
  0.739
  0.003
 -0.647
 -0.892
 -0.939
 -0.883
 -0.761
 -0.571
 -0.407
 -0.272
 -0.217
 -0.173
 -0.212
 -0.328
 -0.536
 -0.762
 -0.930
 -1.027
 -1.077
 -1.085
 -1.056
 -1.003
 -0.939
 -0.891
 -0.853
 -0.857
 -0.874
 -0.881
 -0.850
 -0.753
 -0.580
 -0.264
  0.078
  0.338
  0.473
  0.464
  0.331
  0.176
  0.049
  0.024
  0.141
  0.396
  0.673
  0.889
  1.007
  1.078
  1.103
  1.089
  1.037
  0.949
  0.836
  0.733
  0.679
  0.677
  0.690
  0.751
  0.763
  0.739
  0.655
  0.500
  0.274
 -0.088
 -0.499
 -0.817
 -1.010
 -1.116
 -1.178
 -1.221
 -1.252
 -1.266
 -1.271
 -1.266
 -1.251
 -1.231
 -1.193
 -1.129
 -0.993
 -0.664
  0.061
  0.729
  1.008
  1.118
  1.167
  1.188
  1.190
  1.186
  1.178
  1.165
  1.150
  1.134
  1.119
  1.113
  1.140
  1.188
  1.244
  1.284
  1.306
  1.303
  1.266
  1.175
  0.960
  0.472
 -0.303
 -0.722
 -0.878
 -0.907
 -0.867
 -0.751
 -0.552
 -0.263
  0.099
  0.458
  0.709
  0.875
  0.959
  0.950
  0.859
  0.614
  0.086
 -0.558
 -0.925
 -1.087
 -1.158
 -1.179
 -1.175
 -1.150
 -1.105
 -1.055
 -1.012
 -0.983
 -0.965
 -0.959
 -0.922
 -0.846
 -0.664
 -0.325
  0.199
  0.657
  0.923
  1.077
  1.162
  1.201
  1.210
  1.186
  1.126
  1.034
  0.921
  0.814
  0.703
  0.592
  0.386
  0.053
 -0.368
 -0.645
 -0.761
 -0.750
 -0.616
 -0.378
 -0.153
 -0.045
 -0.170
 -0.404
 -0.645
 -0.806
 -0.890
 -0.940
 -0.967
 -0.985
 -1.003
 -1.020
 -1.040
 -1.039
 -1.017
 -0.951
 -0.821
 -0.666
 -0.510
 -0.465
 -0.514
 -0.605
 -0.690
 -0.759
 -0.795
 -0.822
 -0.794
 -0.680
 -0.451
 -0.040
  0.327
  0.518
  0.536
  0.496
  0.408
  0.447
  0.605
  0.827
  0.996
  1.092
  1.148
  1.181
  1.193
  1.186
  1.157
  1.102
  0.998
  0.836
  0.603
  0.261
 -0.131
 -0.454
 -0.684
 -0.804
 -0.804
 -0.718
 -0.535
 -0.312
 -0.190
 -0.272
 -0.511
 -0.738
 -0.885
 -0.959
 -0.977
 -0.959
 -0.918
 -0.891
 -0.890
 -0.925
 -0.969
 -1.000
 -1.011
 -0.996
 -0.941
 -0.810
 -0.513
  0.084
  0.650
  0.937
  1.053
  1.082
  1.063
  1.026
  0.989
  0.961
  0.955
  0.948
  0.930
  0.897
  0.888
  0.882
  0.924
  1.001
  1.074
  1.128
  1.144
  1.112
  1.020
  0.844
  0.618
  0.427
  0.371
  0.438
  0.511
  0.505
  0.277
 -0.243
 -0.800
 -1.099
 -1.232
 -1.290
 -1.312
 -1.306
 -1.278
 -1.222
 -1.132
 -1.005
 -0.840
 -0.656
 -0.494
 -0.331
 -0.210
 -0.076
 -0.025
 -0.054
 -0.168
 -0.330
 -0.474
 -0.600
 -0.656
 -0.702
 -0.726
 -0.703
 -0.609
 -0.361
  0.060
  0.439
  0.679
  0.802
  0.880
  0.978
  1.072
  1.155
  1.215
  1.257
  1.277
  1.285
  1.282
  1.262
  1.211
  1.094
  0.811
  0.139
 -0.565
 -0.868
 -0.961
 -0.974
 -0.948
 -0.878
 -0.798
 -0.746
 -0.738
 -0.771
 -0.804
 -0.828
 -0.830
 -0.831
 -0.834
 -0.842
 -0.874
 -0.938
 -1.004
 -1.066
 -1.106
 -1.120
 -1.096
 -1.031
 -0.906
 -0.655
 -0.276
  0.136
  0.440
  0.587
  0.625
  0.627
  0.612
  0.622
  0.676
  0.743
  0.831
  0.900
  0.933
  0.920
  0.844
  0.723
  0.534
  0.314
  0.233
  0.256
  0.348
  0.436
  0.421
  0.316
  0.150
  0.060
  0.129
  0.390
  0.677
  0.858
  0.927
  0.901
  0.741
  0.418
 -0.028
 -0.383
 -0.591
 -0.675
 -0.719
 -0.706
 -0.656
 -0.608
 -0.564
 -0.533
 -0.524
 -0.551
 -0.576
 -0.578
 -0.562
 -0.468
 -0.292
 -0.097
  0.045
  0.076
 -0.057
 -0.234
 -0.420
 -0.556
 -0.594
 -0.541
 -0.365
 -0.072
  0.398
  0.751
  0.969
  1.093
  1.171
  1.212
  1.232
  1.236
  1.220
  1.188
  1.139
  1.066
  0.971
  0.845
  0.680
  0.466
  0.212
 -0.071
 -0.294
 -0.452
 -0.550
 -0.610
 -0.671
 -0.728
 -0.795
 -0.859
 -0.917
 -0.953
 -0.996
 -1.038
 -1.091
 -1.150
 -1.201
 -1.234
 -1.252
 -1.250
 -1.233
 -1.196
 -1.125
 -0.963
 -0.524
  0.420
  0.981
  1.174
  1.249
  1.269
  1.258
  1.224
  1.175
  1.137
  1.124
  1.130
  1.147
  1.138
  1.101
  1.039
  0.936
  0.842
  0.794
  0.836
  0.892
  0.942
  0.924
  0.807
  0.496
 -0.062
 -0.588
 -0.839
 -0.903
 -0.874
 -0.724
 -0.368
  0.244
  0.676
  0.886
  0.960
  0.973
  0.947
  0.896
  0.841
  0.740
  0.540
  0.191
 -0.302
 -0.699
 -0.957
 -1.096
 -1.183
 -1.219
 -1.227
 -1.197
 -1.140
 -1.032
 -0.824
 -0.478
  0.069
  0.574
  0.851
  0.971
  1.019
  1.032
  1.039
  1.039
  1.059
  1.087
  1.127
  1.168
  1.197
  1.210
  1.202
  1.156
  1.035
  0.741
  0.094
 -0.568
 -0.823
 -0.857
 -0.737
 -0.435
 -0.058
  0.200
  0.171
 -0.140
 -0.602
 -0.918
 -1.091
 -1.188
 -1.244
 -1.283
 -1.304
 -1.308
 -1.293
 -1.252
 -1.180
 -1.075
 -0.949
 -0.851
 -0.818
 -0.845
 -0.861
 -0.823
 -0.661
 -0.265
  0.345
  0.821
  1.051
  1.153
  1.196
  1.208
  1.197
  1.173
  1.142
  1.102
  1.059
  1.024
  1.008
  1.009
  1.015
  1.016
  1.007
  0.978
  0.945
  0.912
  0.893
  0.910
  0.972
  1.030
  1.066
  1.044
  0.917
  0.549
 -0.245
 -0.849
 -1.065
 -1.146
 -1.158
 -1.106
 -0.957
 -0.575
  0.162
  0.710
  0.917
  0.972
  0.941
  0.774
  0.319
 -0.504
 -1.001
 -1.203
 -1.287
 -1.323
 -1.331
 -1.316
 -1.275
 -1.189
 -1.026
 -0.701
 -0.149
  0.361
  0.675
  0.816
  0.887
  0.921
  0.911
  0.825
  0.618
  0.176
 -0.363
 -0.673
 -0.772
 -0.694
 -0.439
  0.131
  0.657
  0.931
  1.066
  1.124
  1.124
  1.066
  0.917
  0.586
  0.061
 -0.385
 -0.635
 -0.792
 -0.923
 -1.021
 -1.101
 -1.160
 -1.208
 -1.250
 -1.279
 -1.297
 -1.297
 -1.276
 -1.222
 -1.114
 -0.907
 -0.542
 -0.130
  0.085
  0.075
 -0.124
 -0.290
 -0.412
 -0.396
 -0.226
  0.134
  0.489
  0.730
  0.867
  0.909
  0.875
  0.799
  0.683
  0.636
  0.682
  0.822
  0.958
  1.044
  1.091
  1.118
  1.143
  1.178
  1.209
  1.227
  1.226
  1.194
  1.122
  0.988
  0.798
  0.564
  0.332
  0.142
 -0.047
 -0.215
 -0.370
 -0.492
 -0.621
 -0.749
 -0.859
 -0.954
 -1.016
 -1.050
 -1.049
 -1.019
 -0.973
 -0.918
 -0.852
 -0.763
 -0.662
 -0.561
 -0.491
 -0.494
 -0.523
 -0.557
 -0.536
 -0.460
 -0.350
 -0.164
  0.093
  0.379
  0.621
  0.801
  0.900
  0.925
  0.852
  0.625
  0.069
 -0.612
 -0.974
 -1.122
 -1.177
 -1.159
 -1.045
 -0.650
  0.314
  0.939
  1.131
  1.186
  1.171
  1.102
  0.964
  0.778
  0.602
  0.505
  0.472
  0.430
  0.267
 -0.117
 -0.607
 -0.933
 -1.091
 -1.151
 -1.152
 -1.102
 -0.994
 -0.851
 -0.720
 -0.659
 -0.692
 -0.762
 -0.791
 -0.755
 -0.671
 -0.497
 -0.364
 -0.243
 -0.106
  0.142
  0.532
  0.883
  1.093
  1.208
  1.269
  1.295
  1.304
  1.292
  1.265
  1.221
  1.160
  1.075
  0.982
  0.919
  0.894
  0.923
  0.970
  1.027
  1.072
  1.118
  1.163
  1.207
  1.245
  1.275
  1.290
  1.283
  1.245
  1.140
  0.812
 -0.243
 -0.996
 -1.208
 -1.281
 -1.306
 -1.305
 -1.284
 -1.249
 -1.197
 -1.141
 -1.095
 -1.081
 -1.094
 -1.140
 -1.180
 -1.214
 -1.240
 -1.255
 -1.258
 -1.252
 -1.230
 -1.190
 -1.125
 -1.012
 -0.822
 -0.526
 -0.151
  0.190
  0.432
  0.581
  0.661
  0.665
  0.562
  0.281
 -0.219
 -0.648
 -0.890
 -0.993
 -1.009
 -0.965
 -0.839
 -0.566
  0.000
  0.588
  0.939
  1.107
  1.193
  1.233
  1.234
  1.198
  1.094
  0.800
 -0.015
 -0.845
 -1.132
 -1.236
 -1.272
 -1.275
 -1.252
 -1.204
 -1.129
 -1.028
 -0.925
 -0.858
 -0.848
 -0.861
 -0.858
 -0.823
 -0.688
 -0.407
  0.073
  0.550
  0.843
  1.010
  1.119
  1.192
  1.240
  1.267
  1.279
  1.277
  1.272
  1.265
  1.270
  1.276
  1.280
  1.270
  1.236
  1.154
  0.977
  0.570
 -0.110
 -0.569
 -0.722
 -0.719
 -0.531
 -0.091
  0.465
  0.861
  1.063
  1.158
  1.198
  1.193
  1.130
  0.968
  0.502
 -0.406
 -0.935
 -1.124
 -1.204
 -1.239
 -1.250
 -1.249
 -1.242
 -1.233
 -1.230
 -1.235
 -1.246
 -1.260
 -1.274
 -1.284
 -1.284
 -1.271
 -1.235
 -1.154
 -0.982
 -0.627
  0.031
  0.543
  0.768
  0.831
  0.819
  0.780
  0.750
  0.760
  0.764
  0.724
  0.580
  0.278
 -0.225
 -0.658
 -0.919
 -1.047
 -1.095
 -1.093
 -1.037
 -0.888
 -0.508
  0.208
  0.833
  1.111
  1.237
  1.300
  1.331
  1.337
  1.321
  1.271
  1.143
  0.806
 -0.042
 -0.740
 -0.990
 -1.064
 -1.057
 -0.975
 -0.765
 -0.321
  0.224
  0.489
  0.379
 -0.153
 -0.746
 -1.037
 -1.132
 -1.140
 -1.053
 -0.780
 -0.053
  0.747
  1.068
  1.204
  1.269
  1.305
  1.322
  1.329
  1.327
  1.318
  1.298
  1.265
  1.211
  1.128
  1.016
  0.872
  0.728
  0.596
  0.512
  0.468
  0.491
  0.541
  0.604
  0.716
  0.805
  0.878
  0.919
  0.927
  0.877
  0.746
  0.462
 -0.034
 -0.527
 -0.809
 -0.941
 -1.007
 -1.045
 -1.090
 -1.131
 -1.166
 -1.189
 -1.195
 -1.192
 -1.184
 -1.185
 -1.205
 -1.242
 -1.281
 -1.315
 -1.337
 -1.344
 -1.336
 -1.305
 -1.226
 -1.031
 -0.442
  0.516
  0.935
  1.068
  1.093
  1.066
  0.997
  0.870
  0.654
  0.293
 -0.137
 -0.460
 -0.597
 -0.584
 -0.501
 -0.366
 -0.244
 -0.139
 -0.063
 -0.010
  0.068
  0.213
  0.485
  0.740
  0.899
  1.009
  1.061
  1.056
  0.993
  0.836
  0.527
  0.011
 -0.442
 -0.715
 -0.846
 -0.940
 -0.999
 -1.026
 -1.003
 -0.937
 -0.835
 -0.748
 -0.741
 -0.782
 -0.830
 -0.842
 -0.746
 -0.515
 -0.065
  0.409
  0.720
  0.876
  0.965
  1.031
  1.087
  1.138
  1.184
  1.212
  1.213
  1.190
  1.134
  1.046
  0.915
  0.743
  0.599
  0.541
  0.583
  0.687
  0.814
  0.912
  0.977
  0.999
  0.981
  0.947
  0.865
  0.713
  0.490
  0.196
 -0.016
 -0.127
 -0.102
  0.016
  0.134
  0.187
  0.148
  0.052
 -0.105
 -0.238
 -0.398
 -0.620
 -0.834
 -1.006
 -1.126
 -1.197
 -1.232
 -1.247
 -1.246
 -1.229
 -1.206
 -1.182
 -1.153
 -1.119
 -1.056
 -0.934
 -0.685
 -0.100
  0.623
  0.977
  1.119
  1.158
  1.125
  0.998
  0.660
 -0.059
 -0.677
 -0.949
 -1.070
 -1.123
 -1.140
 -1.132
 -1.085
 -0.992
 -0.798
 -0.425
  0.106
  0.499
  0.696
  0.780
  0.810
  0.808
  0.755
  0.655
  0.481
  0.251
  0.051
 -0.078
 -0.121
 -0.120
 -0.238
 -0.469
 -0.727
 -0.931
 -1.068
 -1.130
 -1.148
 -1.110
 -0.998
 -0.722
 -0.194
  0.370
  0.653
  0.746
  0.776
  0.793
  0.805
  0.843
  0.858
  0.860
  0.826
  0.785
  0.749
  0.768
  0.835
  0.935
  1.001
  0.989
  0.870
  0.548
 -0.048
 -0.502
 -0.603
 -0.412
  0.095
  0.603
  0.889
  0.959
  0.889
  0.596
 -0.076
 -0.677
 -0.898
 -0.932
 -0.824
 -0.515
  0.051
  0.551
  0.800
  0.891
  0.864
  0.690
  0.259
 -0.370
 -0.785
 -0.969
 -1.054
 -1.094
 -1.111
 -1.110
 -1.087
 -1.045
 -0.963
 -0.808
 -0.547
 -0.182
  0.206
  0.458
  0.610
  0.746
  0.881
  1.013
  1.124
  1.197
  1.233
  1.239
  1.208
  1.132
  0.979
  0.687
  0.243
 -0.223
 -0.583
 -0.815
 -0.966
 -1.049
 -1.074
 -1.023
 -0.847
 -0.388
  0.338
  0.826
  1.019
  1.096
  1.116
  1.093
  1.031
  0.930
  0.815
  0.672
  0.527
  0.404
  0.315
  0.241
  0.167
  0.067
 -0.043
 -0.178
 -0.297
 -0.416
 -0.540
 -0.654
 -0.738
 -0.775
 -0.737
 -0.620
 -0.369
 -0.075
  0.147
  0.170
  0.022
 -0.286
 -0.590
 -0.803
 -0.938
 -1.027
 -1.074
 -1.077
 -1.031
 -0.906
 -0.685
 -0.423
 -0.266
 -0.331
 -0.550
 -0.740
 -0.821
 -0.788
 -0.630
 -0.411
 -0.266
 -0.425
 -0.792
 -1.071
 -1.209
 -1.270
 -1.282
 -1.254
 -1.171
 -0.973
 -0.426
  0.471
  0.935
  1.091
  1.141
  1.128
  1.033
  0.788
  0.213
 -0.583
 -0.964
 -1.129
 -1.187
 -1.196
 -1.150
 -1.040
 -0.814
 -0.398
  0.185
  0.629
  0.903
  1.062
  1.167
  1.231
  1.270
  1.290
  1.298
  1.292
  1.267
  1.211
  1.088
  0.822
  0.322
 -0.339
 -0.721
 -0.877
 -0.923
 -0.892
 -0.780
 -0.550
 -0.177
  0.230
  0.567
  0.738
  0.836
  0.886
  0.922
  0.916
  0.902
  0.844
  0.739
  0.526
  0.204
 -0.187
 -0.491
 -0.653
 -0.670
 -0.586
 -0.398
 -0.179
 -0.019
 -0.096
 -0.402
 -0.749
 -0.969
 -1.055
 -1.056
 -0.964
 -0.716
 -0.206
  0.361
  0.691
  0.779
  0.732
  0.515
  0.123
 -0.273
 -0.520
 -0.602
 -0.583
 -0.508
 -0.483
 -0.562
 -0.729
 -0.918
 -1.057
 -1.140
 -1.176
 -1.175
 -1.152
 -1.096
 -1.002
 -0.856
 -0.670
 -0.475
 -0.397
 -0.469
 -0.620
 -0.795
 -0.917
 -0.979
 -1.001
 -1.003
 -0.945
 -0.811
 -0.540
  0.010
  0.624
  0.959
  1.104
  1.161
  1.168
  1.133
  1.070
  0.969
  0.877
  0.809
  0.789
  0.818
  0.851
  0.849
  0.806
  0.725
  0.657
  0.675
  0.774
  0.928
  1.081
  1.188
  1.255
  1.286
  1.289
  1.267
  1.202
  1.077
  0.845
  0.484
  0.077
 -0.174
 -0.293
 -0.313
 -0.295
 -0.207
 -0.103
 -0.035
  0.038
  0.159
  0.333
  0.578
  0.826
  0.987
  1.072
  1.107
  1.111
  1.089
  1.041
  0.970
  0.873
  0.727
  0.531
  0.324
  0.080
 -0.198
 -0.427
 -0.614
 -0.735
 -0.830
 -0.901
 -0.961
 -1.012
 -1.045
 -1.031
 -0.971
 -0.857
 -0.701
 -0.648
 -0.744
 -0.929
 -1.072
 -1.152
 -1.175
 -1.154
 -1.089
 -0.970
 -0.806
 -0.647
 -0.592
 -0.624
 -0.728
 -0.838
 -0.915
 -0.961
 -0.977
 -0.975
 -0.954
 -0.904
 -0.830
 -0.753
 -0.685
 -0.589
 -0.463
 -0.261
 -0.050
  0.040
 -0.063
 -0.397
 -0.724
 -0.938
 -1.022
 -1.016
 -0.909
 -0.674
 -0.296
  0.147
  0.413
  0.550
  0.617
  0.672
  0.720
  0.797
  0.871
  0.923
  0.947
  0.955
  0.913
  0.856
  0.794
  0.795
  0.853
  0.936
  1.021
  1.086
  1.127
  1.155
  1.169
  1.175
  1.173
  1.161
  1.137
  1.105
  1.068
  1.043
  1.026
  1.016
  0.994
  0.928
  0.769
  0.477
  0.052
 -0.336
 -0.520
 -0.573
 -0.565
 -0.498
 -0.438
 -0.364
 -0.362
 -0.354
 -0.382
 -0.449
 -0.549
 -0.682
 -0.834
 -0.957
 -1.040
 -1.075
 -1.068
 -0.977
 -0.744
 -0.217
  0.436
  0.820
  0.955
  0.996
  0.978
  0.935
  0.875
  0.783
  0.609
  0.286
 -0.209
 -0.660
 -0.908
 -1.032
 -1.081
 -1.072
 -1.005
 -0.845
 -0.545
 -0.180
 -0.041
 -0.201
 -0.607
 -0.921
 -1.100
 -1.185
 -1.228
 -1.241
 -1.229
 -1.192
 -1.119
 -0.995
 -0.811
 -0.534
 -0.246
 -0.003
  0.109
  0.051
 -0.159
 -0.459
 -0.708
 -0.840
 -0.894
 -0.838
 -0.706
 -0.458
 -0.135
  0.124
  0.247
  0.262
  0.290
  0.429
  0.663
  0.889
  1.055
  1.147
  1.184
  1.190
  1.159
  1.104
  1.014
  0.904
  0.812
  0.773
  0.788
  0.824
  0.842
  0.799
  0.724
  0.582
  0.441
  0.345
  0.273
  0.247
  0.176
 -0.023
 -0.355
 -0.636
 -0.815
 -0.860
 -0.809
 -0.571
 -0.099
  0.469
  0.816
  0.973
  1.026
  1.020
  0.941
  0.768
  0.449
  0.005
 -0.403
 -0.596
 -0.643
 -0.608
 -0.505
 -0.317
 -0.080
  0.195
  0.417
  0.625
  0.823
  0.946
  1.029
  1.064
  1.047
  0.973
  0.770
  0.335
 -0.275
 -0.614
 -0.706
 -0.615
 -0.356
 -0.038
  0.224
  0.365
  0.399
  0.333
  0.189
  0.049
 -0.017
  0.071
  0.266
  0.411
  0.461
  0.320
 -0.035
 -0.484
 -0.761
 -0.884
 -0.887
 -0.789
 -0.638
 -0.510
 -0.489
 -0.567
 -0.678
 -0.703
 -0.618
 -0.421
 -0.176
 -0.056
 -0.178
 -0.521
 -0.828
 -0.975
 -1.011
 -0.924
 -0.647
 -0.031
  0.614
  0.907
  1.040
  1.100
  1.129
  1.137
  1.135
  1.105
  1.034
  0.882
  0.594
  0.103
 -0.352
 -0.668
 -0.874
 -1.019
 -1.139
 -1.214
 -1.265
 -1.299
 -1.315
 -1.316
 -1.296
 -1.240
 -1.108
 -0.781
 -0.077
  0.513
  0.645
  0.458
 -0.129
 -0.753
 -1.037
 -1.126
 -1.113
 -0.981
 -0.605
  0.137
  0.644
  0.808
  0.804
  0.711
  0.596
  0.516
  0.555
  0.673
  0.834
  0.976
  1.090
  1.160
  1.196
  1.199
  1.182
  1.152
  1.116
  1.080
  1.049
  1.008
  0.960
  0.893
  0.773
  0.608
  0.386
  0.163
 -0.013
 -0.086
 -0.058
 -0.002
  0.012
 -0.057
 -0.264
 -0.493
 -0.665
 -0.682
 -0.528
 -0.142
  0.353
  0.616
  0.621
  0.352
 -0.327
 -0.855
 -1.081
 -1.177
 -1.214
 -1.206
 -1.162
 -1.068
 -0.922
 -0.683
 -0.321
  0.161
  0.612
  0.869
  0.990
  1.008
  0.955
  0.836
  0.676
  0.507
  0.429
  0.478
  0.625
  0.799
  0.973
  1.106
  1.193
  1.244
  1.267
  1.266
  1.240
  1.192
  1.111
  0.974
  0.738
  0.359
 -0.229
 -0.743
 -1.043
 -1.209
 -1.300
 -1.350
 -1.378
 -1.391
 -1.391
 -1.379
 -1.354
 -1.306
 -1.219
 -1.051
 -0.682
 -0.085
  0.397
  0.573
  0.535
  0.291
 -0.153
 -0.584
 -0.850
 -0.982
 -0.999
 -0.896
 -0.494
  0.418
  0.989
  1.184
  1.261
  1.288
  1.289
  1.274
  1.250
  1.215
  1.180
  1.146
  1.113
  1.072
  1.029
  0.989
  0.955
  0.919
  0.854
  0.717
  0.498
  0.250
  0.146
  0.188
  0.302
  0.357
  0.322
  0.140
 -0.176
 -0.508
 -0.802
 -0.971
 -1.038
 -1.016
 -0.872
 -0.475
  0.265
  0.777
  0.998
  1.069
  1.070
  0.982
  0.733
  0.128
 -0.564
 -0.914
 -1.048
 -1.092
 -1.081
 -1.045
 -0.966
 -0.833
 -0.613
 -0.255
  0.183
  0.498
  0.696
  0.732
  0.655
  0.432
  0.020
 -0.424
 -0.740
 -0.867
 -0.867
 -0.747
 -0.396
  0.210
  0.721
  0.986
  1.114
  1.176
  1.196
  1.184
  1.136
  1.034
  0.820
  0.362
 -0.334
 -0.826
 -1.053
 -1.170
 -1.231
 -1.260
 -1.271
 -1.271
 -1.257
 -1.236
 -1.183
 -1.062
 -0.792
 -0.286
  0.252
  0.423
  0.319
  0.000
 -0.345
 -0.605
 -0.765
 -0.836
 -0.875
 -0.878
 -0.834
 -0.741
 -0.510
 -0.031
  0.530
  0.875
  1.036
  1.113
  1.139
  1.139
  1.137
  1.125
  1.114
  1.088
  1.056
  1.006
  0.948
  0.890
  0.854
  0.852
  0.887
  0.917
  0.896
  0.783
  0.522
  0.048
 -0.480
 -0.820
 -0.992
 -1.082
 -1.128
 -1.152
 -1.141
 -1.099
 -1.022
 -0.927
 -0.844
 -0.802
 -0.771
 -0.699
 -0.543
 -0.221
  0.203
  0.496
  0.593
  0.432
 -0.065
 -0.662
 -1.022
 -1.176
 -1.246
 -1.266
 -1.252
 -1.203
 -1.105
 -0.935
 -0.670
 -0.390
 -0.195
 -0.153
 -0.263
 -0.457
 -0.639
 -0.731
 -0.714
 -0.569
 -0.206
  0.368
  0.803
  1.010
  1.103
  1.132
  1.129
  1.087
  1.019
  0.934
  0.820
  0.701
  0.569
  0.312
 -0.002
 -0.389
 -0.704
 -0.903
 -1.030
 -1.110
 -1.165
 -1.206
 -1.227
 -1.224
 -1.177
 -1.013
 -0.352
  0.807
  1.168
  1.270
  1.285
  1.242
  1.108
  0.702
 -0.240
 -0.812
 -0.970
 -0.985
 -0.905
 -0.697
 -0.302
  0.199
  0.584
  0.824
  0.971
  1.083
  1.165
  1.226
  1.268
  1.287
  1.290
  1.281
  1.258
  1.226
  1.190
  1.159
  1.128
  1.101
  1.069
  1.032
  0.981
  0.901
  0.770
  0.567
  0.261
 -0.056
 -0.325
 -0.518
 -0.676
 -0.859
 -1.026
 -1.142
 -1.215
 -1.253
 -1.267
 -1.261
 -1.244
 -1.218
 -1.191
 -1.167
 -1.163
 -1.168
 -1.168
 -1.151
 -1.111
 -1.067
 -1.043
 -1.044
 -1.088
 -1.142
 -1.182
 -1.205
 -1.210
 -1.195
 -1.157
 -1.094
 -0.987
 -0.809
 -0.520
 -0.064
  0.295
  0.543
  0.688
  0.783
  0.895
  1.012
  1.117
  1.182
  1.215
  1.218
  1.181
  1.090
  0.934
  0.714
  0.509
  0.450
  0.588
  0.799
  0.936
  0.967
  0.878
  0.516
 -0.308
 -0.908
 -1.125
 -1.207
 -1.234
 -1.226
 -1.187
 -1.076
 -0.737
  0.312
  1.043
  1.250
  1.327
  1.352
  1.348
  1.316
  1.236
  1.048
  0.561
 -0.319
 -0.819
 -1.001
 -1.067
 -1.061
 -0.978
 -0.734
 -0.114
  0.624
  0.979
  1.121
  1.179
  1.198
  1.192
  1.183
  1.162
  1.132
  1.083
  1.012
  0.901
  0.789
  0.687
  0.643
  0.639
  0.658
  0.661
  0.595
  0.389
  0.070
 -0.342
 -0.704
 -0.933
 -1.089
 -1.184
 -1.242
 -1.276
 -1.288
 -1.279
 -1.245
 -1.185
 -1.093
 -0.999
 -0.950
 -0.988
 -1.070
 -1.135
 -1.162
 -1.167
 -1.149
 -1.122
 -1.104
 -1.106
 -1.128
 -1.156
 -1.185
 -1.200
 -1.195
 -1.165
 -1.089
 -0.942
 -0.656
 -0.175
  0.353
  0.688
  0.876
  0.986
  1.039
  1.038
  0.990
  0.895
  0.745
  0.559
  0.425
  0.366
  0.406
  0.535
  0.742
  0.920
  1.054
  1.123
  1.152
  1.140
  1.090
  0.957
  0.671
  0.036
 -0.572
 -0.893
 -1.009
 -1.041
 -0.977
 -0.818
 -0.477
  0.079
  0.555
  0.832
  0.994
  1.088
  1.137
  1.152
  1.132
  1.071
  0.940
  0.646
  0.099
 -0.450
 -0.785
 -0.956
 -1.032
 -1.053
 -0.995
 -0.831
 -0.419
  0.269
  0.815
  1.070
  1.197
  1.258
  1.290
  1.295
  1.285
  1.260
  1.236
  1.226
  1.230
  1.241
  1.254
  1.264
  1.272
  1.271
  1.249
  1.185
  1.000
  0.278
 -0.844
 -1.188
 -1.297
 -1.337
 -1.346
 -1.333
 -1.302
 -1.255
 -1.182
 -1.083
 -0.922
 -0.649
 -0.130
  0.448
  0.768
  0.891
  0.876
  0.696
  0.184
 -0.559
 -0.972
 -1.155
 -1.240
 -1.294
 -1.330
 -1.358
 -1.380
 -1.393
 -1.398
 -1.391
 -1.368
 -1.319
 -1.213
 -0.968
 -0.267
  0.560
  0.920
  1.055
  1.107
  1.126
  1.124
  1.094
  1.046
  0.975
  0.910
  0.870
  0.861
  0.856
  0.830
  0.804
  0.755
  0.717
  0.678
  0.616
  0.512
  0.293
  0.038
 -0.239
 -0.467
 -0.540
 -0.429
 -0.087
  0.416
  0.806
  1.030
  1.146
  1.206
  1.234
  1.238
  1.218
  1.172
  1.096
  0.972
  0.755
  0.301
 -0.358
 -0.833
 -1.053
 -1.153
 -1.200
 -1.201
 -1.158
 -1.020
 -0.612
  0.361
  0.946
  1.143
  1.210
  1.214
  1.181
  1.107
  0.994
  0.886
  0.865
  0.953
  1.099
  1.213
  1.288
  1.323
  1.333
  1.313
  1.245
  1.054
  0.346
 -0.793
 -1.149
 -1.266
 -1.311
 -1.327
 -1.324
 -1.305
 -1.275
 -1.239
 -1.201
 -1.167
 -1.117
 -1.026
 -0.845
 -0.412
  0.298
  0.806
  1.014
  1.087
  1.071
  0.944
  0.542
 -0.284
 -0.860
 -1.054
 -1.125
 -1.138
 -1.124
 -1.104
 -1.077
 -1.041
 -0.989
 -0.876
 -0.686
 -0.382
 -0.081
  0.044
 -0.089
 -0.439
 -0.742
 -0.903
 -0.943
 -0.882
 -0.690
 -0.264
  0.312
  0.681
  0.906
  1.020
  1.080
  1.097
  1.086
  1.030
  0.922
  0.737
  0.422
 -0.017
 -0.473
 -0.806
 -0.974
 -1.064
 -1.092
 -1.057
 -0.952
 -0.734
 -0.304
  0.274
  0.686
  0.923
  1.044
  1.115
  1.144
  1.136
  1.093
  0.995
  0.826
  0.601
  0.360
  0.169
  0.081
  0.069
  0.188
  0.307
  0.453
  0.565
  0.654
  0.669
  0.618
  0.473
  0.317
  0.175
  0.178
  0.283
  0.489
  0.701
  0.860
  0.961
  1.023
  1.027
  0.974
  0.847
  0.613
  0.270
 -0.067
 -0.307
 -0.427
 -0.502
 -0.571
 -0.690
 -0.824
 -0.932
 -0.991
 -1.015
 -1.004
 -0.940
 -0.823
 -0.613
 -0.208
  0.332
  0.769
  0.965
  1.037
  0.991
  0.741
 -0.162
 -0.982
 -1.234
 -1.325
 -1.358
 -1.361
 -1.340
 -1.293
 -1.207
 -1.053
 -0.767
 -0.322
  0.153
  0.416
  0.546
  0.582
  0.578
  0.583
  0.560
  0.485
  0.337
  0.093
 -0.102
 -0.148
  0.022
  0.406
  0.726
  0.900
  0.966
  0.983
  0.988
  1.009
  1.039
  1.077
  1.103
  1.101
  1.056
  0.946
  0.731
  0.398
  0.067
 -0.058
  0.007
  0.194
  0.353
  0.448
  0.439
  0.367
  0.349
  0.394
  0.487
  0.620
  0.693
  0.695
  0.648
  0.487
  0.280
  0.032
 -0.183
 -0.354
 -0.467
 -0.537
 -0.576
 -0.532
 -0.313
  0.108
  0.640
  0.946
  1.092
  1.146
  1.148
  1.113
  1.060
  1.016
  0.989
  0.971
  0.941
  0.886
  0.765
  0.591
  0.383
  0.185
  0.033
 -0.153
 -0.288
 -0.413
 -0.531
 -0.655
 -0.793
 -0.878
 -0.918
 -0.928
 -0.906
 -0.896
 -0.909
 -0.921
 -0.911
 -0.841
 -0.672
 -0.281
  0.244
  0.635
  0.762
  0.612
 -0.040
 -0.860
 -1.176
 -1.292
 -1.338
 -1.346
 -1.328
 -1.274
 -1.169
 -0.970
 -0.629
 -0.237
  0.024
  0.194
  0.275
  0.342
  0.414
  0.448
  0.487
  0.465
  0.380
  0.201
 -0.006
 -0.211
 -0.287
 -0.202
  0.100
  0.517
  0.820
  1.003
  1.105
  1.155
  1.171
  1.166
  1.120
  1.001
  0.728
  0.119
 -0.545
 -0.870
 -0.963
 -0.933
 -0.815
 -0.564
 -0.215
  0.093
  0.266
  0.280
  0.212
  0.181
  0.210
  0.264
  0.319
  0.365
  0.349
  0.323
  0.224
  0.106
 -0.015
 -0.111
 -0.092
  0.076
  0.404
  0.747
  0.959
  1.084
  1.153
  1.179
  1.166
  1.115
  0.997
  0.733
  0.183
 -0.472
 -0.827
 -0.975
 -1.027
 -1.031
 -0.993
 -0.923
 -0.811
 -0.665
 -0.516
 -0.417
 -0.386
 -0.466
 -0.585
 -0.688
 -0.718
 -0.680
 -0.511
 -0.253
  0.010
  0.184
  0.231
  0.137
 -0.080
 -0.352
 -0.549
 -0.602
 -0.472
 -0.136
  0.373
  0.737
  0.860
  0.824
  0.571
 -0.079
 -0.722
 -1.009
 -1.115
 -1.130
 -1.070
 -0.876
 -0.389
  0.393
  0.794
  0.893
  0.830
  0.551
 -0.079
 -0.644
 -0.866
 -0.926
 -0.857
 -0.601
 -0.013
  0.648
  0.986
  1.134
  1.211
  1.251
  1.277
  1.293
  1.298
  1.285
  1.244
  1.157
  0.975
  0.539
 -0.226
 -0.784
 -1.014
 -1.114
 -1.151
 -1.142
 -1.075
 -0.931
 -0.636
 -0.162
  0.295
  0.506
  0.582
  0.587
  0.563
  0.489
  0.362
  0.038
 -0.323
 -0.554
 -0.569
 -0.401
 -0.009
  0.431
  0.656
  0.736
  0.699
  0.624
  0.595
  0.667
  0.793
  0.943
  1.054
  1.106
  1.099
  1.018
  0.811
  0.390
 -0.038
 -0.247
 -0.247
 -0.121
  0.001
  0.016
 -0.195
 -0.506
 -0.754
 -0.903
 -0.951
 -0.938
 -0.884
 -0.818
 -0.806
 -0.897
 -1.041
 -1.169
 -1.252
 -1.298
 -1.314
 -1.305
 -1.270
 -1.202
 -1.074
 -0.847
 -0.498
 -0.171
 -0.043
 -0.053
 -0.090
 -0.017
  0.182
  0.468
  0.694
  0.833
  0.903
  0.909
  0.875
  0.822
  0.717
  0.577
  0.301
 -0.133
 -0.546
 -0.848
 -0.984
 -1.039
 -1.022
 -0.930
 -0.686
 -0.130
  0.596
  0.974
  1.138
  1.220
  1.267
  1.295
  1.310
  1.319
  1.315
  1.296
  1.240
  1.093
  0.600
 -0.533
 -1.047
 -1.198
 -1.253
 -1.270
 -1.267
 -1.252
 -1.224
 -1.174
 -1.083
 -0.939
 -0.698
 -0.343
  0.028
  0.376
  0.652
  0.833
  0.933
  0.955
  0.915
  0.796
  0.556
  0.173
 -0.304
 -0.672
 -0.899
 -1.013
 -1.054
 -1.011
 -0.855
 -0.403
  0.446
  0.938
  1.115
  1.170
  1.155
  1.076
  0.898
  0.586
  0.244
  0.103
  0.201
  0.444
  0.713
  0.872
  0.956
  0.960
  0.917
  0.790
  0.553
  0.218
 -0.207
 -0.577
 -0.832
 -1.002
 -1.122
 -1.190
 -1.232
 -1.245
 -1.228
 -1.174
 -1.049
 -0.837
 -0.531
 -0.297
 -0.237
 -0.370
 -0.582
 -0.739
 -0.843
 -0.880
 -0.857
 -0.768
 -0.577
 -0.272
  0.059
  0.303
  0.481
  0.565
  0.632
  0.655
  0.621
  0.481
  0.175
 -0.302
 -0.699
 -0.883
 -0.894
 -0.730
 -0.207
  0.575
  0.962
  1.095
  1.134
  1.126
  1.090
  1.064
  1.058
  1.081
  1.104
  1.101
  1.046
  0.877
  0.428
 -0.404
 -0.912
 -1.125
 -1.214
 -1.246
 -1.245
 -1.210
 -1.145
 -1.020
 -0.807
 -0.399
  0.067
  0.416
  0.599
  0.652
  0.627
  0.470
  0.211
 -0.060
 -0.312
 -0.491
 -0.590
 -0.689
 -0.776
 -0.861
 -0.900
 -0.891
 -0.788
 -0.519
  0.024
  0.635
  0.943
  1.056
  1.064
  0.990
  0.808
  0.482
  0.083
 -0.257
 -0.486
 -0.670
 -0.784
 -0.823
 -0.791
 -0.640
 -0.259
  0.297
  0.665
  0.815
  0.834
  0.734
  0.441
 -0.119
 -0.728
 -1.064
 -1.220
 -1.296
 -1.330
 -1.340
 -1.329
 -1.299
 -1.241
 -1.144
 -0.968
 -0.672
 -0.218
  0.287
  0.593
  0.759
  0.857
  0.901
  0.920
  0.929
  0.927
  0.893
  0.825
  0.697
  0.570
  0.528
  0.607
  0.792
  0.975
  1.091
  1.129
  1.090
  0.937
  0.549
 -0.062
 -0.416
 -0.353
  0.183
  0.814
  1.100
  1.217
  1.256
  1.252
  1.219
  1.176
  1.151
  1.160
  1.198
  1.236
  1.251
  1.238
  1.173
  0.983
  0.351
 -0.685
 -1.075
 -1.197
 -1.231
 -1.219
 -1.156
 -1.012
 -0.709
 -0.205
  0.270
  0.474
  0.383
 -0.004
 -0.611
 -0.943
 -1.092
 -1.131
 -1.110
 -1.012
 -0.848
 -0.644
 -0.437
 -0.328
 -0.223
 -0.092
  0.132
  0.423
  0.649
  0.776
  0.785
  0.660
  0.313
 -0.246
 -0.713
 -0.937
 -1.069
 -1.142
 -1.166
 -1.158
 -1.111
 -0.999
 -0.799
 -0.492
 -0.147
  0.066
  0.051
 -0.124
 -0.438
 -0.781
 -1.014
 -1.171
 -1.260
 -1.303
 -1.322
 -1.321
 -1.303
 -1.274
 -1.236
 -1.191
 -1.121
 -0.997
 -0.706
 -0.060
  0.638
  0.940
  1.054
  1.090
  1.075
  1.044
  1.005
  0.976
  0.955
  0.925
  0.868
  0.793
  0.695
  0.615
  0.611
  0.661
  0.720
  0.736
  0.600
  0.270
 -0.286
 -0.716
 -0.910
 -0.942
 -0.788
 -0.215
  0.684
  1.081
  1.220
  1.273
  1.289
  1.283
  1.264
  1.248
  1.246
  1.253
  1.261
  1.260
  1.231
  1.153
  0.964
  0.498
 -0.233
 -0.677
 -0.832
 -0.865
 -0.810
 -0.597
 -0.194
  0.260
  0.495
  0.524
  0.391
  0.178
 -0.013
 -0.090
 -0.105
 -0.172
 -0.412
 -0.695
 -0.910
 -1.009
 -1.030
 -0.990
 -0.873
 -0.619
 -0.198
  0.280
  0.545
  0.578
  0.411
 -0.025
 -0.581
 -0.899
 -1.063
 -1.137
 -1.171
 -1.176
 -1.170
 -1.150
 -1.128
 -1.106
 -1.085
 -1.049
 -1.010
 -0.959
 -0.913
 -0.882
 -0.881
 -0.901
 -0.914
 -0.890
 -0.801
 -0.681
 -0.563
 -0.539
 -0.627
 -0.763
 -0.904
 -1.004
 -1.052
 -1.049
 -0.985
 -0.826
 -0.459
  0.159
  0.649
  0.888
  0.974
  0.974
  0.931
  0.895
  0.905
  0.958
  1.039
  1.118
  1.186
  1.228
  1.252
  1.262
  1.247
  1.212
  1.152
  1.080
  1.020
  1.025
  1.078
  1.136
  1.166
  1.167
  1.143
  1.112
  1.081
  1.061
  1.035
  0.980
  0.895
  0.788
  0.699
  0.706
  0.728
  0.735
  0.642
  0.388
 -0.054
 -0.467
 -0.707
 -0.780
 -0.759
 -0.674
 -0.532
 -0.353
 -0.162
  0.047
  0.227
  0.396
  0.477
  0.477
  0.362
  0.094
 -0.195
 -0.408
 -0.441
 -0.421
 -0.413
 -0.432
 -0.564
 -0.668
 -0.750
 -0.769
 -0.745
 -0.670
 -0.604
 -0.566
 -0.588
 -0.677
 -0.794
 -0.931
 -1.053
 -1.142
 -1.209
 -1.243
 -1.255
 -1.253
 -1.241
 -1.218
 -1.183
 -1.128
 -1.037
 -0.914
 -0.757
 -0.606
 -0.528
 -0.504
 -0.481
 -0.416
 -0.349
 -0.317
 -0.409
 -0.597
 -0.787
 -0.914
 -0.971
 -0.960
 -0.869
 -0.649
 -0.140
  0.578
  0.996
  1.180
  1.258
  1.294
  1.306
  1.305
  1.292
  1.272
  1.249
  1.235
  1.233
  1.235
  1.237
  1.239
  1.237
  1.236
  1.239
  1.238
  1.233
  1.204
  1.123
  0.949
  0.530
 -0.180
 -0.638
 -0.821
 -0.888
 -0.919
 -0.946
 -0.992
 -1.030
 -1.050
 -1.025
 -0.973
 -0.856
 -0.699
 -0.478
 -0.252
 -0.036
  0.135
  0.285
  0.404
  0.491
  0.545
  0.569
  0.569
  0.543
  0.555
  0.641
  0.794
  0.945
  1.050
  1.117
  1.137
  1.133
  1.119
  1.089
  1.069
  1.072
  1.101
  1.130
  1.144
  1.137
  1.073
  0.922
  0.610
  0.116
 -0.259
 -0.402
 -0.386
 -0.349
 -0.345
 -0.543
 -0.825
 -1.050
 -1.198
 -1.288
 -1.346
 -1.380
 -1.398
 -1.404
 -1.403
 -1.396
 -1.384
 -1.367
 -1.344
 -1.309
 -1.264
 -1.205
 -1.140
 -1.073
 -1.037
 -1.040
 -1.064
 -1.086
 -1.089
 -1.064
 -0.989
 -0.839
 -0.576
 -0.169
  0.216
  0.450
  0.572
  0.665
  0.788
  0.922
  1.047
  1.131
  1.183
  1.217
  1.236
  1.253
  1.272
  1.289
  1.305
  1.315
  1.316
  1.313
  1.310
  1.308
  1.305
  1.298
  1.281
  1.241
  1.161
  0.997
  0.611
 -0.156
 -0.758
 -0.999
 -1.098
 -1.121
 -1.102
 -1.037
 -0.947
 -0.822
 -0.680
 -0.561
 -0.515
 -0.546
 -0.663
 -0.782
 -0.884
 -0.957
 -1.001
 -1.006
 -0.958
 -0.862
 -0.723
 -0.581
 -0.449
 -0.301
 -0.108
  0.213
  0.619
  0.938
  1.121
  1.223
  1.278
  1.307
  1.313
  1.308
  1.293
  1.267
  1.235
  1.206
  1.192
  1.199
  1.222
  1.241
  1.244
  1.224
  1.165
  1.026
  0.648
 -0.380
 -1.028
 -1.244
 -1.334
 -1.376
 -1.397
 -1.406
 -1.407
 -1.402
 -1.390
 -1.372
 -1.344
 -1.305
 -1.256
 -1.215
 -1.199
 -1.215
 -1.244
 -1.274
 -1.296
 -1.312
 -1.323
 -1.334
 -1.341
 -1.338
 -1.320
 -1.280
 -1.196
 -1.004
 -0.487
  0.376
  0.852
  1.041
  1.117
  1.152
  1.168
  1.176
  1.170
  1.147
  1.109
  1.063
  1.052
  1.089
  1.157
  1.223
  1.266
  1.286
  1.286
  1.263
  1.216
  1.122
  0.973
  0.742
  0.455
  0.198
  0.004
 -0.125
 -0.201
 -0.199
 -0.152
 -0.118
 -0.131
 -0.204
 -0.300
 -0.387
 -0.368
 -0.310
 -0.195
 -0.106
 -0.069
 -0.125
 -0.245
 -0.435
 -0.579
 -0.679
 -0.733
 -0.754
 -0.733
 -0.691
 -0.674
 -0.677
 -0.709
 -0.712
 -0.615
 -0.334
  0.239
  0.764
  1.030
  1.144
  1.185
  1.174
  1.119
  1.015
  0.884
  0.806
  0.843
  0.988
  1.122
  1.215
  1.265
  1.284
  1.274
  1.237
  1.165
  1.046
  0.828
  0.422
 -0.304
 -0.862
 -1.138
 -1.269
 -1.340
 -1.374
 -1.388
 -1.387
 -1.371
 -1.341
 -1.292
 -1.227
 -1.158
 -1.119
 -1.114
 -1.141
 -1.171
 -1.203
 -1.223
 -1.230
 -1.224
 -1.205
 -1.162
 -1.089
 -0.965
 -0.734
 -0.295
  0.230
  0.637
  0.869
  1.000
  1.092
  1.151
  1.182
  1.209
  1.226
  1.236
  1.241
  1.232
  1.218
  1.200
  1.184
  1.169
  1.163
  1.157
  1.154
  1.145
  1.127
  1.110
  1.092
  1.088
  1.088
  1.079
  1.048
  1.011
  0.948
  0.865
  0.748
  0.566
  0.292
 -0.121
 -0.488
 -0.684
 -0.795
 -0.810
 -0.800
 -0.798
 -0.817
 -0.854
 -0.876
 -0.872
 -0.839
 -0.765
 -0.690
 -0.642
 -0.686
 -0.784
 -0.873
 -0.885
 -0.823
 -0.609
 -0.200
  0.246
  0.510
  0.624
  0.679
  0.722
  0.789
  0.855
  0.930
  1.007
  1.090
  1.163
  1.215
  1.240
  1.233
  1.203
  1.139
  1.030
  0.832
  0.480
 -0.095
 -0.624
 -0.902
 -1.049
 -1.129
 -1.180
 -1.226
 -1.268
 -1.308
 -1.336
 -1.351
 -1.356
 -1.348
 -1.327
 -1.300
 -1.266
 -1.228
 -1.180
 -1.120
 -1.009
 -0.797
 -0.432
  0.008
  0.335
  0.515
  0.631
  0.684
  0.713
  0.716
  0.710
  0.721
  0.773
  0.841
  0.912
  0.969
  1.023
  1.076
  1.121
  1.153
  1.170
  1.186
  1.201
  1.222
  1.247
  1.270
  1.290
  1.302
  1.305
  1.300
  1.289
  1.273
  1.247
  1.200
  1.129
  1.002
  0.831
  0.575
  0.285
 -0.096
 -0.413
 -0.693
 -0.848
 -0.927
 -0.950
 -0.945
 -0.950
 -1.002
 -1.065
 -1.112
 -1.123
 -1.095
 -1.004
 -0.808
 -0.412
  0.098
  0.462
  0.625
  0.683
  0.644
  0.630
  0.661
  0.769
  0.928
  1.065
  1.149
  1.172
  1.110
  0.866
  0.021
 -0.835
 -1.080
 -1.127
 -1.067
 -0.827
 -0.196
  0.594
  0.958
  1.080
  1.113
  1.076
  0.932
  0.532
 -0.253
 -0.790
 -0.998
 -1.048
 -1.011
 -0.905
 -0.752
 -0.676
 -0.773
 -0.961
 -1.130
 -1.221
 -1.265
 -1.270
 -1.241
 -1.174
 -1.053
 -0.873
 -0.672
 -0.516
 -0.401
 -0.291
 -0.217
 -0.189
 -0.330
 -0.516
 -0.708
 -0.846
 -0.919
 -0.925
 -0.842
 -0.585
 -0.034
  0.593
  0.952
  1.122
  1.202
  1.243
  1.263
  1.281
  1.296
  1.311
  1.319
  1.315
  1.292
  1.249
  1.180
  1.101
  1.039
  1.033
  1.091
  1.160
  1.206
  1.217
  1.192
  1.108
  0.864
  0.111
 -0.806
 -1.128
 -1.238
 -1.272
 -1.262
 -1.192
 -1.021
 -0.671
 -0.142
  0.183
  0.181
 -0.059
 -0.359
 -0.595
 -0.738
 -0.762
 -0.731
 -0.670
 -0.633
 -0.678
 -0.764
 -0.854
 -0.909
 -0.906
 -0.834
 -0.658
 -0.341
  0.034
  0.360
  0.559
  0.653
  0.642
  0.471
  0.052
 -0.519
 -0.878
 -1.023
 -1.063
 -1.003
 -0.800
 -0.361
  0.249
  0.617
  0.735
  0.732
  0.638
  0.502
  0.380
  0.310
  0.239
  0.149
 -0.037
 -0.298
 -0.630
 -0.925
 -1.120
 -1.225
 -1.280
 -1.303
 -1.305
 -1.292
 -1.267
 -1.226
 -1.172
 -1.095
 -0.983
 -0.826
 -0.653
 -0.489
 -0.468
 -0.520
 -0.632
 -0.716
 -0.742
 -0.703
 -0.596
 -0.420
 -0.227
 -0.096
 -0.024
  0.057
  0.119
  0.193
  0.305
  0.474
  0.652
  0.822
  0.967
  1.077
  1.155
  1.205
  1.234
  1.246
  1.240
  1.227
  1.210
  1.196
  1.195
  1.207
  1.227
  1.240
  1.233
  1.199
  1.107
  0.903
  0.470
 -0.203
 -0.606
 -0.708
 -0.619
 -0.364
  0.030
  0.325
  0.375
  0.153
 -0.317
 -0.774
 -1.037
 -1.155
 -1.200
 -1.193
 -1.139
 -1.023
 -0.818
 -0.535
 -0.289
 -0.191
 -0.234
 -0.305
 -0.339
 -0.277
 -0.053
  0.234
  0.498
  0.633
  0.646
  0.550
  0.341
  0.052
 -0.204
 -0.364
 -0.398
 -0.260
  0.141
  0.653
  0.977
  1.136
  1.203
  1.228
  1.233
  1.218
  1.183
  1.110
  0.959
  0.672
  0.210
 -0.298
 -0.652
 -0.856
 -0.994
 -1.099
 -1.174
 -1.231
 -1.276
 -1.312
 -1.340
 -1.356
 -1.362
 -1.350
 -1.318
 -1.258
 -1.154
 -0.977
 -0.698
 -0.356
 -0.050
  0.113
  0.162
  0.132
  0.160
  0.257
  0.433
  0.615
  0.772
  0.871
  0.929
  0.938
  0.892
  0.757
  0.521
  0.182
 -0.111
 -0.238
 -0.147
  0.210
  0.700
  1.035
  1.189
  1.263
  1.294
  1.301
  1.285
  1.249
  1.186
  1.080
  0.911
  0.621
  0.175
 -0.240
 -0.462
 -0.506
 -0.383
 -0.106
  0.205
  0.417
  0.402
  0.203
 -0.241
 -0.689
 -0.959
 -1.080
 -1.134
 -1.139
 -1.105
 -1.006
 -0.833
 -0.578
 -0.312
 -0.103
 -0.004
  0.058
  0.106
  0.205
  0.317
  0.389
  0.452
  0.421
  0.287
  0.086
 -0.113
 -0.228
 -0.332
 -0.441
 -0.612
 -0.764
 -0.880
 -0.916
 -0.876
 -0.744
 -0.393
  0.210
  0.710
  0.957
  1.072
  1.114
  1.120
  1.091
  1.023
  0.915
  0.748
  0.531
  0.256
 -0.083
 -0.402
 -0.672
 -0.875
 -1.021
 -1.126
 -1.191
 -1.232
 -1.252
 -1.250
 -1.224
 -1.182
 -1.130
 -1.102
 -1.100
 -1.114
 -1.114
 -1.091
 -1.025
 -0.883
 -0.618
 -0.137
  0.387
  0.738
  0.899
  0.955
  0.948
  0.878
  0.741
  0.523
  0.244
 -0.010
 -0.094
  0.125
  0.517
  0.855
  1.056
  1.161
  1.222
  1.256
  1.268
  1.260
  1.228
  1.166
  1.072
  0.956
  0.875
  0.874
  0.924
  0.978
  1.033
  1.072
  1.100
  1.116
  1.107
  1.061
  0.941
  0.723
  0.348
 -0.113
 -0.452
 -0.672
 -0.856
 -0.981
 -1.052
 -1.080
 -1.044
 -0.904
 -0.576
 -0.046
  0.401
  0.534
  0.379
 -0.057
 -0.588
 -0.934
 -1.103
 -1.183
 -1.220
 -1.227
 -1.214
 -1.178
 -1.115
 -1.028
 -0.914
 -0.741
 -0.535
 -0.309
 -0.208
 -0.197
 -0.318
 -0.431
 -0.426
 -0.195
  0.266
  0.698
  0.926
  1.029
  1.077
  1.087
  1.086
  1.077
  1.049
  1.000
  0.906
  0.738
  0.446
 -0.021
 -0.462
 -0.710
 -0.837
 -0.883
 -0.887
 -0.864
 -0.849
 -0.857
 -0.879
 -0.871
 -0.820
 -0.664
 -0.333
  0.168
  0.586
  0.817
  0.922
  0.966
  0.987
  0.976
  0.925
  0.772
  0.402
 -0.283
 -0.836
 -1.084
 -1.192
 -1.231
 -1.224
 -1.165
 -1.000
 -0.510
  0.499
  0.993
  1.164
  1.236
  1.271
  1.287
  1.290
  1.282
  1.265
  1.236
  1.181
  1.097
  0.960
  0.754
  0.489
  0.204
  0.059
  0.018
  0.077
  0.137
  0.106
  0.011
 -0.089
 -0.236
 -0.412
 -0.514
 -0.603
 -0.692
 -0.797
 -0.896
 -0.973
 -1.002
 -0.989
 -0.930
 -0.858
 -0.837
 -0.880
 -0.963
 -1.022
 -1.039
 -1.025
 -0.965
 -0.868
 -0.730
 -0.594
 -0.531
 -0.591
 -0.712
 -0.830
 -0.924
 -0.972
 -0.954
 -0.884
 -0.739
 -0.549
 -0.288
 -0.063
  0.221
  0.539
  0.784
  0.942
  1.025
  1.022
  0.928
  0.702
  0.258
 -0.226
 -0.511
 -0.584
 -0.487
 -0.315
 -0.067
  0.105
  0.116
 -0.003
 -0.215
 -0.471
 -0.607
 -0.690
 -0.717
 -0.723
 -0.738
 -0.757
 -0.751
 -0.679
 -0.396
  0.215
  0.758
  1.035
  1.158
  1.209
  1.219
  1.196
  1.135
  0.995
  0.706
  0.199
 -0.296
 -0.536
 -0.555
 -0.429
 -0.171
  0.076
  0.235
  0.244
  0.205
  0.186
  0.295
  0.516
  0.778
  0.969
  1.082
  1.129
  1.125
  1.053
  0.854
  0.418
 -0.226
 -0.676
 -0.804
 -0.762
 -0.591
 -0.228
  0.187
  0.456
  0.527
  0.477
  0.368
  0.224
  0.148
  0.171
  0.232
  0.279
  0.215
  0.010
 -0.309
 -0.667
 -0.928
 -1.071
 -1.140
 -1.174
 -1.175
 -1.152
 -1.098
 -1.016
 -0.908
 -0.800
 -0.767
 -0.825
 -0.944
 -1.053
 -1.129
 -1.170
 -1.175
 -1.149
 -1.074
 -0.951
 -0.739
 -0.366
  0.163
  0.627
  0.899
  1.048
  1.119
  1.156
  1.144
  1.083
  0.933
  0.585
 -0.010
 -0.516
 -0.774
 -0.886
 -0.914
 -0.920
 -0.887
 -0.814
 -0.688
 -0.477
 -0.115
  0.276
  0.602
  0.764
  0.784
  0.670
  0.241
 -0.460
 -0.923
 -1.109
 -1.172
 -1.165
 -1.080
 -0.833
 -0.213
  0.530
  0.863
  0.970
  0.965
  0.903
  0.797
  0.671
  0.593
  0.573
  0.590
  0.620
  0.621
  0.540
  0.397
  0.246
  0.119
  0.163
  0.329
  0.534
  0.752
  0.885
  0.962
  1.008
  1.021
  1.009
  0.975
  0.886
  0.738
  0.464
  0.124
 -0.193
 -0.367
 -0.402
 -0.280
  0.041
  0.453
  0.820
  1.022
  1.132
  1.169
  1.155
  1.068
  0.829
  0.233
 -0.551
 -0.914
 -1.040
 -1.083
 -1.094
 -1.104
 -1.124
 -1.155
 -1.195
 -1.223
 -1.224
 -1.193
 -1.117
 -0.957
 -0.737
 -0.559
 -0.609
 -0.818
 -0.988
 -1.064
 -1.041
 -0.884
 -0.449
  0.272
  0.732
  0.929
  0.999
  1.042
  1.060
  1.072
  1.070
  1.052
  1.027
  0.987
  0.899
  0.697
  0.210
 -0.456
 -0.826
 -0.974
 -0.990
 -0.900
 -0.643
 -0.108
  0.493
  0.787
  0.889
  0.897
  0.826
  0.634
  0.336
 -0.150
 -0.629
 -0.909
 -1.064
 -1.145
 -1.180
 -1.180
 -1.128
 -0.974
 -0.588
  0.183
  0.713
  0.922
  1.004
  1.043
  1.079
  1.116
  1.144
  1.149
  1.128
  1.057
  0.889
  0.520
 -0.065
 -0.514
 -0.711
 -0.723
 -0.535
 -0.078
  0.508
  0.870
  1.054
  1.145
  1.197
  1.209
  1.193
  1.141
  1.044
  0.867
  0.629
  0.388
  0.199
  0.157
  0.251
  0.442
  0.670
  0.813
  0.861
  0.864
  0.800
  0.650
  0.383
 -0.027
 -0.452
 -0.754
 -0.941
 -1.058
 -1.126
 -1.169
 -1.194
 -1.201
 -1.194
